9.9897385E-4	-1.8908000E-5
1.5000710E+1	-1.9267000E-5
3.0000420E+1	-1.9465000E-5
4.5001129E+1	-2.0256000E-5
6.0000838E+1	-2.0417000E-5
7.5000549E+1	-2.1072000E-5
9.0001257E+1	-2.1097000E-5
1.0500097E+2	-2.1283000E-5
1.2000068E+2	-2.1295000E-5
1.3500139E+2	-2.1654000E-5
1.5000110E+2	-2.2087000E-5
1.6500081E+2	-2.2161000E-5
1.8000052E+2	-2.2470000E-5
1.9500123E+2	-2.2420000E-5
2.1000094E+2	-2.2754000E-5
2.2500065E+2	-2.2878000E-5
2.4000136E+2	-2.3138000E-5
2.5500106E+2	-2.3113000E-5
2.7000077E+2	-2.3224000E-5
2.8500147E+2	-2.3162000E-5
3.0000117E+2	-2.2977000E-5
3.1500087E+2	-2.3088000E-5
3.3000157E+2	-2.3125000E-5
3.4500128E+2	-2.3175000E-5
3.6000098E+2	-2.3434000E-5
3.7500168E+2	-2.3336000E-5
3.9000138E+2	-2.3843000E-5
4.0500109E+2	-2.3917000E-5
4.2000079E+2	-2.3793000E-5
4.3500149E+2	-2.3620000E-5
4.5000119E+2	-2.3966000E-5
4.6500089E+2	-2.3373000E-5
4.8000160E+2	-2.4053000E-5
4.9500130E+2	-2.4115000E-5
5.1000100E+2	-2.4065000E-5
5.2500170E+2	-2.4411000E-5
5.4000141E+2	-2.4288000E-5
5.5500111E+2	-2.4189000E-5
5.7000180E+2	-2.4238000E-5
5.8500150E+2	-2.3904000E-5
6.0000120E+2	-2.4572000E-5
6.1500190E+2	-2.4473000E-5
6.3000160E+2	-2.4214000E-5
6.4500129E+2	-2.4189000E-5
6.6000199E+2	-2.4313000E-5
6.7500169E+2	-2.4115000E-5
6.9000139E+2	-2.4535000E-5
7.0500108E+2	-2.4176000E-5
7.2000178E+2	-2.4906000E-5
7.3500148E+2	-2.4572000E-5
7.5000118E+2	-2.4164000E-5
7.6500187E+2	-2.3855000E-5
7.8000157E+2	-2.4634000E-5
7.9500127E+2	-2.4857000E-5
8.1000197E+2	-2.4696000E-5
8.2500167E+2	-2.4844000E-5
8.4000136E+2	-2.4387000E-5
8.5500206E+2	-2.4993000E-5
8.7000175E+2	-2.4832000E-5
8.8500145E+2	-2.4844000E-5
9.0000214E+2	-2.4807000E-5
9.1500184E+2	-2.5203000E-5
9.3000153E+2	-2.4820000E-5
9.4500123E+2	-2.4968000E-5
9.6000192E+2	-2.4782000E-5
9.7500162E+2	-2.4795000E-5
9.9000131E+2	-2.5092000E-5
1.0050020E+3	-2.4510000E-5
1.0200017E+3	-2.4844000E-5
1.0350014E+3	-2.5042000E-5
1.0500021E+3	-2.5054000E-5
1.0650018E+3	-2.5463000E-5
1.0800015E+3	-2.5215000E-5
1.0950022E+3	-2.5030000E-5
1.1100019E+3	-2.5030000E-5
1.1250016E+3	-2.5376000E-5
1.1400023E+3	-2.5673000E-5
1.1550020E+3	-2.5487000E-5
1.1700016E+3	-2.5970000E-5
1.1850023E+3	-2.5908000E-5
1.2000020E+3	-2.5908000E-5
1.2150017E+3	-2.6007000E-5
1.2300014E+3	-2.5722000E-5
1.2450021E+3	-2.5821000E-5
1.2600018E+3	-2.5759000E-5
1.2750015E+3	-2.6167000E-5
1.2900022E+3	-2.5858000E-5
1.3050019E+3	-2.5611000E-5
1.3200016E+3	-2.5660000E-5
1.3350023E+3	-2.5512000E-5
1.3500019E+3	-2.5920000E-5
1.3650016E+3	-2.5710000E-5
1.3800023E+3	-2.5920000E-5
1.3950020E+3	-2.5364000E-5
1.4100017E+3	-2.5871000E-5
