9.9897385E-4	-2.3237000E-5
1.9984245E-3	-2.2148000E-5
1.5002688E+1	-2.1505000E-5
3.0002378E+1	-2.0677000E-5
4.5002069E+1	-2.0207000E-5
6.0002759E+1	-1.9490000E-5
7.5002449E+1	-1.9193000E-5
9.0002139E+1	-1.8698000E-5
1.0500283E+2	-1.7907000E-5
1.2000252E+2	-1.7325000E-5
1.3500221E+2	-1.6732000E-5
1.5000190E+2	-1.6583000E-5
1.6500259E+2	-1.6274000E-5
1.8000228E+2	-1.5520000E-5
1.9500197E+2	-1.4963000E-5
2.1000266E+2	-1.4630000E-5
2.2500235E+2	-1.4024000E-5
2.4000204E+2	-1.3640000E-5
2.5500273E+2	-1.3121000E-5
2.7000242E+2	-1.3170000E-5
2.8500210E+2	-1.2651000E-5
3.0000279E+2	-1.2329000E-5
3.1500248E+2	-1.1847000E-5
3.3000217E+2	-1.1501000E-5
3.4500286E+2	-1.1130000E-5
3.6000255E+2	-1.0771000E-5
3.7500224E+2	-1.0648000E-5
3.9000193E+2	-1.0190000E-5
4.0500261E+2	-1.0128000E-5
4.2000230E+2	-9.9920000E-6
4.3500199E+2	-9.5590000E-6
4.5000268E+2	-9.7080000E-6
4.6500237E+2	-9.4230000E-6
4.8000206E+2	-9.0400000E-6
4.9500275E+2	-8.8300000E-6
5.1000244E+2	-8.5820000E-6
5.2500212E+2	-8.0380000E-6
5.4000281E+2	-8.0260000E-6
5.5500250E+2	-7.9150000E-6
5.7000219E+2	-7.4820000E-6
5.8500288E+2	-7.2220000E-6
6.0000257E+2	-6.9620000E-6
6.1500226E+2	-6.7770000E-6
6.3000295E+2	-6.7890000E-6
6.4500263E+2	-6.4430000E-6
6.6000232E+2	-6.2330000E-6
6.7500201E+2	-6.1460000E-6
6.9000270E+2	-5.8250000E-6
7.0500239E+2	-5.5900000E-6
7.2000208E+2	-5.2560000E-6
7.3500277E+2	-5.1690000E-6
7.5000246E+2	-4.8110000E-6
7.6500214E+2	-4.9710000E-6
7.8000283E+2	-4.6250000E-6
7.9500252E+2	-4.7860000E-6
8.1000221E+2	-4.2910000E-6
8.2500290E+2	-4.4640000E-6
8.4000258E+2	-4.0310000E-6
8.5500227E+2	-3.9200000E-6
8.7000296E+2	-3.7720000E-6
8.8500265E+2	-3.7720000E-6
9.0000233E+2	-3.6730000E-6
9.1500202E+2	-3.4380000E-6
9.3000271E+2	-3.2520000E-6
9.4500240E+2	-3.1780000E-6
9.6000209E+2	-3.2650000E-6
9.7500278E+2	-3.2770000E-6
9.9000247E+2	-3.2150000E-6
1.0050022E+3	-3.0550000E-6
1.0200028E+3	-3.1410000E-6
1.0350025E+3	-3.1530000E-6
1.0500022E+3	-2.9310000E-6
1.0650029E+3	-3.3390000E-6
1.0800026E+3	-3.0920000E-6
1.0950023E+3	-2.9310000E-6
1.1100030E+3	-3.2890000E-6
1.1250027E+3	-3.2400000E-6
1.1400024E+3	-3.0790000E-6
1.1550030E+3	-3.0420000E-6
1.1700027E+3	-3.1530000E-6
1.1850024E+3	-3.2030000E-6
1.2000021E+3	-3.1040000E-6
1.2150028E+3	-2.9060000E-6
1.2300025E+3	-3.3020000E-6
1.2450022E+3	-2.7450000E-6
1.2600029E+3	-3.2280000E-6
1.2750025E+3	-3.1160000E-6
1.2900022E+3	-3.3270000E-6
1.3050029E+3	-3.2770000E-6
1.3200026E+3	-2.8440000E-6
1.3350023E+3	-3.3140000E-6
1.3500030E+3	-2.8200000E-6
1.3650027E+3	-3.2890000E-6
1.3800024E+3	-3.0170000E-6
1.3950030E+3	-3.1780000E-6
1.4100027E+3	-3.2770000E-6
1.4250024E+3	-2.9680000E-6
1.4400021E+3	-3.1910000E-6
1.4550028E+3	-3.3020000E-6
1.4700025E+3	-3.6110000E-6
1.4850022E+3	-3.7840000E-6
1.5000029E+3	-4.4270000E-6
1.5150025E+3	-4.5760000E-6
1.5300022E+3	-4.6130000E-6
1.5450029E+3	-4.9960000E-6
1.5600026E+3	-5.2190000E-6
1.5750023E+3	-5.6270000E-6
1.5900030E+3	-5.5150000E-6
1.6050027E+3	-5.5030000E-6
1.6200024E+3	-5.8620000E-6
1.6350030E+3	-6.0720000E-6
1.6500027E+3	-6.3690000E-6
1.6650024E+3	-6.4800000E-6
1.6800031E+3	-6.7640000E-6
1.6950028E+3	-6.5170000E-6
1.7100025E+3	-6.9870000E-6
1.7250022E+3	-6.7150000E-6
1.7400028E+3	-7.2340000E-6
1.7550025E+3	-7.2340000E-6
1.7700022E+3	-7.3950000E-6
1.7850029E+3	-7.4570000E-6
1.8000026E+3	-7.2960000E-6
1.8150023E+3	-7.5060000E-6
1.8300030E+3	-7.5440000E-6
1.8450027E+3	-7.5440000E-6
1.8600023E+3	-7.8030000E-6
1.8750030E+3	-7.5810000E-6
1.8900027E+3	-7.8160000E-6
1.9050024E+3	-7.7410000E-6
1.9200032E+3	-7.8280000E-6
1.9350031E+3	-7.8530000E-6
1.9500029E+3	-7.7910000E-6
1.9650028E+3	-7.2840000E-6
1.9800036E+3	-7.7540000E-6
1.9950034E+3	-7.6050000E-6
2.0100033E+3	-7.6050000E-6
2.0250041E+3	-7.8530000E-6
2.0400040E+3	-7.9020000E-6
2.0550038E+3	-7.7660000E-6
2.0700047E+3	-7.8280000E-6
2.0850045E+3	-7.7040000E-6
2.1000043E+3	-7.6180000E-6
2.1150052E+3	-7.6300000E-6
2.1300050E+3	-7.8650000E-6
2.1450049E+3	-7.7660000E-6
2.1600057E+3	-7.9020000E-6
2.1750055E+3	-7.9520000E-6
2.1900054E+3	-8.2240000E-6
2.2050062E+3	-8.4830000E-6
2.2200060E+3	-9.1260000E-6
2.2350058E+3	-1.1365000E-5
2.2500056E+3	-9.8810000E-6
2.2650064E+3	-1.0017000E-5
2.2800062E+3	-1.0400000E-5
2.2950060E+3	-1.0202000E-5
2.3100068E+3	-1.1019000E-5
2.3250066E+3	-1.1068000E-5
2.3400064E+3	-1.1328000E-5
2.3550072E+3	-1.1748000E-5
2.3700070E+3	-1.1773000E-5
2.3850068E+3	-1.2132000E-5
2.4000076E+3	-1.1934000E-5
2.4150074E+3	-1.2552000E-5
2.4300072E+3	-1.2725000E-5
2.4450080E+3	-1.2861000E-5
2.4600078E+3	-1.2972000E-5
2.4750075E+3	-1.3084000E-5
2.4900073E+3	-1.3677000E-5
2.5050081E+3	-1.3714000E-5
2.5200079E+3	-1.3801000E-5
2.5350077E+3	-1.3850000E-5
2.5500084E+3	-1.3826000E-5
2.5650082E+3	-1.4110000E-5
2.5800080E+3	-1.4456000E-5
2.5950087E+3	-1.4568000E-5
2.6100085E+3	-1.4555000E-5
2.6250082E+3	-1.4568000E-5
2.6400090E+3	-1.4790000E-5
2.6550088E+3	-1.5038000E-5
2.6700085E+3	-1.4889000E-5
2.6850093E+3	-1.4778000E-5
2.7000091E+3	-1.5038000E-5
2.7150098E+3	-1.4939000E-5
2.7300096E+3	-1.5186000E-5
2.7450094E+3	-1.5137000E-5
2.7600091E+3	-1.5470000E-5
2.7750089E+3	-1.5396000E-5
2.7900097E+3	-1.5520000E-5
2.8050094E+3	-1.5372000E-5
2.8200092E+3	-1.5594000E-5
2.8350099E+3	-1.5532000E-5
2.8500096E+3	-1.5755000E-5
2.8650094E+3	-1.5730000E-5
2.8800101E+3	-1.5879000E-5
2.8950099E+3	-1.5396000E-5
2.9100096E+3	-1.5508000E-5
2.9250103E+3	-1.5903000E-5
2.9400101E+3	-1.5619000E-5
2.9550098E+3	-1.5755000E-5
2.9700106E+3	-1.5322000E-5
2.9850103E+3	-1.5372000E-5
3.0000101E+3	-1.5470000E-5
3.0150098E+3	-1.5396000E-5
3.0300105E+3	-1.5693000E-5
3.0450103E+3	-1.5532000E-5
3.0600100E+3	-1.5817000E-5
3.0750108E+3	-1.5569000E-5
3.0900105E+3	-1.5693000E-5
3.1050102E+3	-1.5322000E-5
3.1200110E+3	-1.5631000E-5
3.1350107E+3	-1.5248000E-5
3.1500104E+3	-1.5359000E-5
3.1650111E+3	-1.5433000E-5
3.1800109E+3	-1.5384000E-5
3.1950106E+3	-1.5470000E-5
3.2100113E+3	-1.5458000E-5
3.2250110E+3	-1.5359000E-5
3.2400118E+3	-1.5495000E-5
3.2550115E+3	-1.5322000E-5
3.2700112E+3	-1.5557000E-5
