0.000000E+0	6.000000E-1	-9.400000E-1
2.000000E-4	6.400000E-1	-9.400000E-1
4.000000E-4	6.000000E-1	-9.600000E-1
6.000000E-4	6.000000E-1	-9.600000E-1
8.000000E-4	6.000000E-1	-9.600000E-1
1.000000E-3	6.000000E-1	-9.600000E-1
1.200000E-3	6.000000E-1	-9.400000E-1
1.400000E-3	6.000000E-1	-9.600000E-1
1.600000E-3	6.000000E-1	-9.400000E-1
1.800000E-3	4.800000E-1	-9.600000E-1
2.000000E-3	4.800000E-1	-9.600000E-1
2.200000E-3	4.400000E-1	-9.600000E-1
2.400000E-3	4.800000E-1	-9.800000E-1
2.600000E-3	4.800000E-1	-9.800000E-1
2.800000E-3	4.800000E-1	-9.600000E-1
3.000000E-3	4.400000E-1	-9.800000E-1
3.200000E-3	4.800000E-1	-9.600000E-1
3.400000E-3	4.800000E-1	-9.600000E-1
3.600000E-3	4.800000E-1	-9.800000E-1
3.800000E-3	4.400000E-1	-9.600000E-1
4.000000E-3	4.400000E-1	-9.800000E-1
4.200000E-3	4.800000E-1	-9.800000E-1
4.400000E-3	4.800000E-1	-9.800000E-1
4.600000E-3	4.800000E-1	-9.800000E-1
4.800000E-3	4.800000E-1	-1.000000E+0
5.000000E-3	4.800000E-1	-9.800000E-1
5.200000E-3	4.800000E-1	-9.600000E-1
5.400000E-3	4.800000E-1	-9.800000E-1
5.600000E-3	4.800000E-1	-9.800000E-1
5.800000E-3	4.000000E-1	-9.800000E-1
6.000000E-3	3.600000E-1	-9.800000E-1
6.200000E-3	3.600000E-1	-9.800000E-1
6.400000E-3	3.200000E-1	-9.800000E-1
6.600000E-3	3.200000E-1	-9.800000E-1
6.800000E-3	3.200000E-1	-9.800000E-1
7.000000E-3	3.200000E-1	-9.800000E-1
7.200000E-3	3.200000E-1	-9.800000E-1
7.400000E-3	3.200000E-1	-1.000000E+0
7.600000E-3	3.600000E-1	-1.000000E+0
7.800000E-3	3.600000E-1	-9.800000E-1
8.000000E-3	3.600000E-1	-9.800000E-1
8.200000E-3	3.200000E-1	-1.000000E+0
8.400000E-3	3.200000E-1	-1.000000E+0
8.600000E-3	3.200000E-1	-9.800000E-1
8.800000E-3	3.200000E-1	-1.000000E+0
9.000000E-3	3.200000E-1	-1.000000E+0
9.200000E-3	3.600000E-1	-1.000000E+0
9.400000E-3	3.600000E-1	-1.000000E+0
9.600000E-3	3.200000E-1	-1.020000E+0
9.800000E-3	3.200000E-1	-1.000000E+0
1.000000E-2	2.000000E-1	-9.800000E-1
1.020000E-2	1.600000E-1	-1.000000E+0
1.040000E-2	2.000000E-1	-1.000000E+0
1.060000E-2	2.000000E-1	-1.000000E+0
1.080000E-2	2.000000E-1	-1.000000E+0
1.100000E-2	2.000000E-1	-1.000000E+0
1.120000E-2	1.600000E-1	-1.000000E+0
1.140000E-2	2.000000E-1	-1.000000E+0
1.160000E-2	1.600000E-1	-1.000000E+0
1.180000E-2	1.600000E-1	-1.000000E+0
1.200000E-2	2.000000E-1	-1.000000E+0
1.220000E-2	1.600000E-1	-1.000000E+0
1.240000E-2	1.600000E-1	-1.020000E+0
1.260000E-2	2.000000E-1	-1.000000E+0
1.280000E-2	2.000000E-1	-1.020000E+0
1.300000E-2	1.600000E-1	-1.000000E+0
1.320000E-2	2.000000E-1	-1.000000E+0
1.340000E-2	1.600000E-1	-1.000000E+0
1.360000E-2	1.600000E-1	-1.000000E+0
1.380000E-2	1.600000E-1	-1.020000E+0
1.400000E-2	8.000000E-2	-1.000000E+0
1.420000E-2	4.000000E-2	-1.020000E+0
1.440000E-2	4.000000E-2	-1.020000E+0
1.460000E-2	4.000000E-2	-1.000000E+0
1.480000E-2	8.000000E-2	-1.020000E+0
1.500000E-2	4.000000E-2	-1.020000E+0
1.520000E-2	4.000000E-2	-1.020000E+0
1.540000E-2	4.000000E-2	-1.020000E+0
1.560000E-2	4.000000E-2	-1.020000E+0
1.580000E-2	4.000000E-2	-1.020000E+0
1.600000E-2	4.000000E-2	-1.040000E+0
1.620000E-2	8.000000E-2	-1.020000E+0
1.640000E-2	8.000000E-2	-1.020000E+0
1.660000E-2	8.000000E-2	-1.020000E+0
1.680000E-2	8.000000E-2	-1.020000E+0
1.700000E-2	4.000000E-2	-1.020000E+0
1.720000E-2	4.000000E-2	-1.020000E+0
1.740000E-2	4.000000E-2	-1.020000E+0
1.760000E-2	4.000000E-2	-1.040000E+0
1.780000E-2	4.000000E-2	-1.020000E+0
1.800000E-2	4.000000E-2	-1.000000E+0
1.820000E-2	-1.200000E-1	-1.020000E+0
1.840000E-2	-1.200000E-1	-1.020000E+0
1.860000E-2	-8.000000E-2	-1.020000E+0
1.880000E-2	-8.000000E-2	-1.020000E+0
1.900000E-2	-8.000000E-2	-1.020000E+0
1.920000E-2	-1.200000E-1	-1.040000E+0
1.940000E-2	-1.200000E-1	-1.040000E+0
1.960000E-2	-1.200000E-1	-1.020000E+0
1.980000E-2	-1.200000E-1	-1.040000E+0
2.000000E-2	-1.200000E-1	-1.020000E+0
2.020000E-2	-8.000000E-2	-1.020000E+0
2.040000E-2	-1.200000E-1	-1.040000E+0
2.060000E-2	-8.000000E-2	-1.020000E+0
2.080000E-2	-1.200000E-1	-1.040000E+0
2.100000E-2	-8.000000E-2	-1.040000E+0
2.120000E-2	-8.000000E-2	-1.020000E+0
2.140000E-2	-1.200000E-1	-1.020000E+0
2.160000E-2	-1.200000E-1	-1.040000E+0
2.180000E-2	-1.200000E-1	-1.020000E+0
2.200000E-2	-1.200000E-1	-1.040000E+0
2.220000E-2	-2.400000E-1	-1.020000E+0
2.240000E-2	-2.400000E-1	-1.040000E+0
2.260000E-2	-2.400000E-1	-1.040000E+0
2.280000E-2	-2.400000E-1	-1.040000E+0
2.300000E-2	-2.400000E-1	-1.020000E+0
2.320000E-2	-2.400000E-1	-1.020000E+0
2.340000E-2	-2.400000E-1	-1.020000E+0
2.360000E-2	-2.400000E-1	-1.040000E+0
2.380000E-2	-2.400000E-1	-1.020000E+0
2.400000E-2	-2.400000E-1	-1.020000E+0
2.420000E-2	-2.400000E-1	-1.020000E+0
2.440000E-2	-2.400000E-1	-1.020000E+0
2.460000E-2	-2.400000E-1	-1.020000E+0
2.480000E-2	-2.400000E-1	-1.020000E+0
2.500000E-2	-2.400000E-1	-1.020000E+0
2.520000E-2	-2.400000E-1	-1.020000E+0
2.540000E-2	-2.800000E-1	-1.020000E+0
2.560000E-2	-2.400000E-1	-1.000000E+0
2.580000E-2	-2.400000E-1	-1.020000E+0
2.600000E-2	-2.400000E-1	-1.020000E+0
2.620000E-2	-4.400000E-1	-1.020000E+0
2.640000E-2	-4.000000E-1	-1.020000E+0
2.660000E-2	-4.000000E-1	-1.020000E+0
2.680000E-2	-4.000000E-1	-1.020000E+0
2.700000E-2	-4.000000E-1	-1.040000E+0
2.720000E-2	-4.000000E-1	-1.020000E+0
2.740000E-2	-4.000000E-1	-1.020000E+0
2.760000E-2	-4.000000E-1	-1.040000E+0
2.780000E-2	-4.000000E-1	-1.020000E+0
2.800000E-2	-4.400000E-1	-1.000000E+0
2.820000E-2	-4.000000E-1	-1.020000E+0
2.840000E-2	-4.000000E-1	-1.020000E+0
2.860000E-2	-4.000000E-1	-1.000000E+0
2.880000E-2	-4.000000E-1	-1.020000E+0
2.900000E-2	-4.000000E-1	-1.020000E+0
2.920000E-2	-4.000000E-1	-1.020000E+0
2.940000E-2	-4.000000E-1	-1.020000E+0
2.960000E-2	-4.400000E-1	-1.040000E+0
2.980000E-2	-4.000000E-1	-1.020000E+0
3.000000E-2	-4.000000E-1	-1.000000E+0
3.020000E-2	-5.600000E-1	-1.020000E+0
3.040000E-2	-5.600000E-1	-1.020000E+0
3.060000E-2	-5.600000E-1	-1.020000E+0
3.080000E-2	-5.600000E-1	-1.020000E+0
3.100000E-2	-5.200000E-1	-1.000000E+0
3.120000E-2	-5.600000E-1	-1.020000E+0
3.140000E-2	-5.600000E-1	-1.000000E+0
3.160000E-2	-5.600000E-1	-1.020000E+0
3.180000E-2	-5.600000E-1	-1.000000E+0
3.200000E-2	-5.200000E-1	-1.000000E+0
3.220000E-2	-5.600000E-1	-1.000000E+0
3.240000E-2	-5.600000E-1	-1.000000E+0
3.260000E-2	-5.200000E-1	-1.000000E+0
3.280000E-2	-5.600000E-1	-1.000000E+0
3.300000E-2	-5.600000E-1	-1.020000E+0
3.320000E-2	-5.200000E-1	-1.020000E+0
3.340000E-2	-5.600000E-1	-1.000000E+0
3.360000E-2	-5.600000E-1	-1.000000E+0
3.380000E-2	-5.600000E-1	-1.020000E+0
3.400000E-2	-5.600000E-1	-1.000000E+0
3.420000E-2	-6.800000E-1	-1.000000E+0
3.440000E-2	-6.800000E-1	-1.000000E+0
3.460000E-2	-6.800000E-1	-1.000000E+0
3.480000E-2	-6.800000E-1	-1.000000E+0
3.500000E-2	-6.800000E-1	-1.000000E+0
3.520000E-2	-6.800000E-1	-1.000000E+0
3.540000E-2	-6.800000E-1	-1.000000E+0
3.560000E-2	-6.800000E-1	-1.000000E+0
3.580000E-2	-6.800000E-1	-1.000000E+0
3.600000E-2	-6.800000E-1	-1.000000E+0
3.620000E-2	-6.800000E-1	-1.000000E+0
3.640000E-2	-6.800000E-1	-9.800000E-1
3.660000E-2	-6.800000E-1	-9.800000E-1
3.680000E-2	-6.800000E-1	-9.800000E-1
3.700000E-2	-6.800000E-1	-1.000000E+0
3.720000E-2	-6.800000E-1	-1.000000E+0
3.740000E-2	-6.800000E-1	-1.000000E+0
3.760000E-2	-6.800000E-1	-9.800000E-1
3.780000E-2	-6.800000E-1	-1.000000E+0
3.800000E-2	-6.800000E-1	-1.000000E+0
3.820000E-2	-7.600000E-1	-1.000000E+0
3.840000E-2	-8.400000E-1	-9.800000E-1
3.860000E-2	-8.400000E-1	-9.800000E-1
3.880000E-2	-8.400000E-1	-1.000000E+0
3.900000E-2	-8.400000E-1	-1.000000E+0
3.920000E-2	-8.400000E-1	-9.800000E-1
3.940000E-2	-8.400000E-1	-9.800000E-1
3.960000E-2	-8.400000E-1	-1.000000E+0
3.980000E-2	-8.400000E-1	-9.800000E-1
4.000000E-2	-8.400000E-1	-9.800000E-1
4.020000E-2	-8.400000E-1	-9.800000E-1
4.040000E-2	-8.400000E-1	-9.800000E-1
4.060000E-2	-8.400000E-1	-9.800000E-1
4.080000E-2	-8.000000E-1	-1.000000E+0
4.100000E-2	-8.400000E-1	-9.800000E-1
4.120000E-2	-8.400000E-1	-9.800000E-1
4.140000E-2	-8.400000E-1	-9.800000E-1
4.160000E-2	-8.000000E-1	-9.800000E-1
4.180000E-2	-8.000000E-1	-9.800000E-1
4.200000E-2	-8.400000E-1	-9.800000E-1
4.220000E-2	-9.600000E-1	-9.800000E-1
4.240000E-2	-9.600000E-1	-9.600000E-1
4.260000E-2	-9.600000E-1	-9.600000E-1
4.280000E-2	-9.600000E-1	-9.600000E-1
4.300000E-2	-9.600000E-1	-9.800000E-1
4.320000E-2	-9.600000E-1	-9.800000E-1
4.340000E-2	-9.600000E-1	-9.600000E-1
4.360000E-2	-9.600000E-1	-9.600000E-1
4.380000E-2	-9.600000E-1	-9.400000E-1
4.400000E-2	-9.600000E-1	-9.600000E-1
4.420000E-2	-9.600000E-1	-9.600000E-1
4.440000E-2	-1.000000E+0	-9.600000E-1
4.460000E-2	-9.600000E-1	-9.600000E-1
4.480000E-2	-9.600000E-1	-9.400000E-1
4.500000E-2	-9.600000E-1	-9.600000E-1
4.520000E-2	-9.600000E-1	-9.600000E-1
4.540000E-2	-9.600000E-1	-9.600000E-1
4.560000E-2	-9.600000E-1	-9.200000E-1
4.580000E-2	-9.600000E-1	-9.400000E-1
4.600000E-2	-9.600000E-1	-9.600000E-1
4.620000E-2	-1.080000E+0	-9.400000E-1
4.640000E-2	-1.120000E+0	-9.600000E-1
4.660000E-2	-1.080000E+0	-9.400000E-1
4.680000E-2	-1.120000E+0	-9.600000E-1
4.700000E-2	-1.080000E+0	-9.400000E-1
4.720000E-2	-1.080000E+0	-9.400000E-1
4.740000E-2	-1.120000E+0	-9.400000E-1
4.760000E-2	-1.120000E+0	-9.400000E-1
4.780000E-2	-1.080000E+0	-9.200000E-1
4.800000E-2	-1.120000E+0	-9.200000E-1
4.820000E-2	-1.120000E+0	-9.200000E-1
4.840000E-2	-1.080000E+0	-9.400000E-1
4.860000E-2	-1.080000E+0	-9.000000E-1
4.880000E-2	-1.120000E+0	-9.200000E-1
4.900000E-2	-1.120000E+0	-9.200000E-1
4.920000E-2	-1.120000E+0	-9.000000E-1
4.940000E-2	-1.120000E+0	-9.200000E-1
4.960000E-2	-1.120000E+0	-9.200000E-1
4.980000E-2	-1.120000E+0	-9.000000E-1
5.000000E-2	-1.120000E+0	-9.200000E-1
5.020000E-2	-1.200000E+0	-9.200000E-1
5.040000E-2	-1.240000E+0	-9.000000E-1
5.060000E-2	-1.240000E+0	-9.200000E-1
5.080000E-2	-1.240000E+0	-8.800000E-1
5.100000E-2	-1.240000E+0	-9.000000E-1
5.120000E-2	-1.240000E+0	-9.000000E-1
5.140000E-2	-1.200000E+0	-9.000000E-1
5.160000E-2	-1.240000E+0	-9.000000E-1
5.180000E-2	-1.240000E+0	-8.800000E-1
5.200000E-2	-1.240000E+0	-9.000000E-1
5.220000E-2	-1.240000E+0	-9.000000E-1
5.240000E-2	-1.240000E+0	-8.800000E-1
5.260000E-2	-1.240000E+0	-8.800000E-1
5.280000E-2	-1.240000E+0	-8.800000E-1
5.300000E-2	-1.240000E+0	-8.800000E-1
5.320000E-2	-1.240000E+0	-8.800000E-1
5.340000E-2	-1.240000E+0	-8.800000E-1
5.360000E-2	-1.240000E+0	-8.800000E-1
5.380000E-2	-1.200000E+0	-8.800000E-1
5.400000E-2	-1.240000E+0	-8.600000E-1
5.420000E-2	-1.320000E+0	-8.600000E-1
5.440000E-2	-1.360000E+0	-8.800000E-1
5.460000E-2	-1.360000E+0	-8.800000E-1
5.480000E-2	-1.360000E+0	-8.800000E-1
5.500000E-2	-1.320000E+0	-8.600000E-1
5.520000E-2	-1.360000E+0	-8.400000E-1
5.540000E-2	-1.360000E+0	-8.600000E-1
5.560000E-2	-1.360000E+0	-8.400000E-1
5.580000E-2	-1.360000E+0	-8.600000E-1
5.600000E-2	-1.360000E+0	-8.600000E-1
5.620000E-2	-1.360000E+0	-8.600000E-1
5.640000E-2	-1.360000E+0	-8.400000E-1
5.660000E-2	-1.360000E+0	-8.400000E-1
5.680000E-2	-1.360000E+0	-8.600000E-1
5.700000E-2	-1.360000E+0	-8.400000E-1
5.720000E-2	-1.360000E+0	-8.400000E-1
5.740000E-2	-1.360000E+0	-8.200000E-1
5.760000E-2	-1.360000E+0	-8.400000E-1
5.780000E-2	-1.360000E+0	-8.400000E-1
5.800000E-2	-1.360000E+0	-8.200000E-1
5.820000E-2	-1.440000E+0	-8.200000E-1
5.840000E-2	-1.480000E+0	-8.200000E-1
5.860000E-2	-1.480000E+0	-8.200000E-1
5.880000E-2	-1.480000E+0	-8.200000E-1
5.900000E-2	-1.440000E+0	-8.200000E-1
5.920000E-2	-1.480000E+0	-8.200000E-1
5.940000E-2	-1.480000E+0	-8.400000E-1
5.960000E-2	-1.480000E+0	-8.000000E-1
5.980000E-2	-1.480000E+0	-8.200000E-1
6.000000E-2	-1.480000E+0	-8.000000E-1
6.020000E-2	-1.480000E+0	-8.200000E-1
6.040000E-2	-1.440000E+0	-8.000000E-1
6.060000E-2	-1.480000E+0	-8.000000E-1
6.080000E-2	-1.480000E+0	-8.000000E-1
6.100000E-2	-1.480000E+0	-7.800000E-1
6.120000E-2	-1.480000E+0	-8.000000E-1
6.140000E-2	-1.480000E+0	-8.000000E-1
6.160000E-2	-1.480000E+0	-7.800000E-1
6.180000E-2	-1.480000E+0	-7.800000E-1
6.200000E-2	-1.440000E+0	-7.800000E-1
6.220000E-2	-1.560000E+0	-7.800000E-1
6.240000E-2	-1.560000E+0	-7.600000E-1
6.260000E-2	-1.600000E+0	-7.600000E-1
6.280000E-2	-1.600000E+0	-7.600000E-1
6.300000E-2	-1.560000E+0	-7.600000E-1
6.320000E-2	-1.600000E+0	-7.600000E-1
6.340000E-2	-1.560000E+0	-7.600000E-1
6.360000E-2	-1.600000E+0	-7.600000E-1
6.380000E-2	-1.560000E+0	-7.400000E-1
6.400000E-2	-1.600000E+0	-7.400000E-1
6.420000E-2	-1.600000E+0	-7.400000E-1
6.440000E-2	-1.600000E+0	-7.400000E-1
6.460000E-2	-1.560000E+0	-7.400000E-1
6.480000E-2	-1.600000E+0	-7.400000E-1
6.500000E-2	-1.600000E+0	-7.400000E-1
6.520000E-2	-1.600000E+0	-7.400000E-1
6.540000E-2	-1.600000E+0	-7.200000E-1
6.560000E-2	-1.560000E+0	-7.200000E-1
6.580000E-2	-1.560000E+0	-7.000000E-1
6.600000E-2	-1.600000E+0	-7.200000E-1
6.620000E-2	-1.680000E+0	-7.200000E-1
6.640000E-2	-1.720000E+0	-7.200000E-1
6.660000E-2	-1.720000E+0	-7.000000E-1
6.680000E-2	-1.720000E+0	-7.200000E-1
6.700000E-2	-1.720000E+0	-7.200000E-1
6.720000E-2	-1.680000E+0	-7.200000E-1
6.740000E-2	-1.720000E+0	-7.000000E-1
6.760000E-2	-1.720000E+0	-7.000000E-1
6.780000E-2	-1.720000E+0	-7.000000E-1
6.800000E-2	-1.680000E+0	-6.800000E-1
6.820000E-2	-1.720000E+0	-6.800000E-1
6.840000E-2	-1.680000E+0	-6.800000E-1
6.860000E-2	-1.720000E+0	-6.800000E-1
6.880000E-2	-1.720000E+0	-6.800000E-1
6.900000E-2	-1.680000E+0	-6.800000E-1
6.920000E-2	-1.720000E+0	-6.800000E-1
6.940000E-2	-1.720000E+0	-6.800000E-1
6.960000E-2	-1.720000E+0	-6.600000E-1
6.980000E-2	-1.720000E+0	-6.800000E-1
7.000000E-2	-1.720000E+0	-6.600000E-1
7.020000E-2	-1.800000E+0	-6.600000E-1
7.040000E-2	-1.800000E+0	-6.600000E-1
7.060000E-2	-1.800000E+0	-6.600000E-1
7.080000E-2	-1.800000E+0	-6.600000E-1
7.100000E-2	-1.800000E+0	-6.400000E-1
7.120000E-2	-1.800000E+0	-6.600000E-1
7.140000E-2	-1.800000E+0	-6.400000E-1
7.160000E-2	-1.800000E+0	-6.400000E-1
7.180000E-2	-1.800000E+0	-6.400000E-1
7.200000E-2	-1.800000E+0	-6.400000E-1
7.220000E-2	-1.800000E+0	-6.200000E-1
7.240000E-2	-1.800000E+0	-6.400000E-1
7.260000E-2	-1.800000E+0	-6.400000E-1
7.280000E-2	-1.800000E+0	-6.200000E-1
7.300000E-2	-1.800000E+0	-6.200000E-1
7.320000E-2	-1.800000E+0	-6.000000E-1
7.340000E-2	-1.800000E+0	-6.200000E-1
7.360000E-2	-1.800000E+0	-6.200000E-1
7.380000E-2	-1.800000E+0	-6.200000E-1
7.400000E-2	-1.800000E+0	-6.000000E-1
7.420000E-2	-1.880000E+0	-6.200000E-1
7.440000E-2	-1.920000E+0	-6.200000E-1
7.460000E-2	-1.920000E+0	-5.800000E-1
7.480000E-2	-1.880000E+0	-5.600000E-1
7.500000E-2	-1.880000E+0	-6.000000E-1
7.520000E-2	-1.880000E+0	-6.000000E-1
7.540000E-2	-1.880000E+0	-6.000000E-1
7.560000E-2	-1.880000E+0	-5.800000E-1
7.580000E-2	-1.880000E+0	-5.800000E-1
7.600000E-2	-1.880000E+0	-5.800000E-1
7.620000E-2	-1.920000E+0	-5.600000E-1
7.640000E-2	-1.920000E+0	-5.600000E-1
7.660000E-2	-1.880000E+0	-5.600000E-1
7.680000E-2	-1.880000E+0	-5.800000E-1
7.700000E-2	-1.880000E+0	-5.600000E-1
7.720000E-2	-1.880000E+0	-5.400000E-1
7.740000E-2	-1.880000E+0	-5.600000E-1
7.760000E-2	-1.920000E+0	-5.400000E-1
7.780000E-2	-1.880000E+0	-5.400000E-1
7.800000E-2	-1.920000E+0	-5.400000E-1
7.820000E-2	-1.960000E+0	-5.400000E-1
7.840000E-2	-1.960000E+0	-5.200000E-1
7.860000E-2	-1.960000E+0	-5.400000E-1
7.880000E-2	-1.960000E+0	-5.200000E-1
7.900000E-2	-1.960000E+0	-5.200000E-1
7.920000E-2	-2.000000E+0	-5.200000E-1
7.940000E-2	-1.960000E+0	-5.200000E-1
7.960000E-2	-1.960000E+0	-5.000000E-1
7.980000E-2	-1.960000E+0	-5.200000E-1
8.000000E-2	-1.960000E+0	-5.000000E-1
8.020000E-2	-1.960000E+0	-5.000000E-1
8.040000E-2	-1.960000E+0	-5.000000E-1
8.060000E-2	-2.000000E+0	-5.000000E-1
8.080000E-2	-1.960000E+0	-5.000000E-1
8.100000E-2	-1.960000E+0	-5.000000E-1
8.120000E-2	-2.000000E+0	-5.000000E-1
8.140000E-2	-1.960000E+0	-5.000000E-1
8.160000E-2	-1.960000E+0	-4.800000E-1
8.180000E-2	-1.960000E+0	-4.800000E-1
8.200000E-2	-1.960000E+0	-4.800000E-1
8.220000E-2	-2.040000E+0	-4.800000E-1
8.240000E-2	-2.040000E+0	-4.800000E-1
8.260000E-2	-2.040000E+0	-4.600000E-1
8.280000E-2	-2.040000E+0	-4.600000E-1
8.300000E-2	-2.040000E+0	-4.800000E-1
8.320000E-2	-2.040000E+0	-4.600000E-1
8.340000E-2	-2.040000E+0	-4.600000E-1
8.360000E-2	-2.040000E+0	-4.600000E-1
8.380000E-2	-2.040000E+0	-4.600000E-1
8.400000E-2	-2.040000E+0	-4.600000E-1
8.420000E-2	-2.040000E+0	-4.600000E-1
8.440000E-2	-2.040000E+0	-4.600000E-1
8.460000E-2	-2.040000E+0	-4.400000E-1
8.480000E-2	-2.040000E+0	-4.400000E-1
8.500000E-2	-2.040000E+0	-4.400000E-1
8.520000E-2	-2.040000E+0	-4.400000E-1
8.540000E-2	-2.040000E+0	-4.400000E-1
8.560000E-2	-2.040000E+0	-4.200000E-1
8.580000E-2	-2.040000E+0	-4.400000E-1
8.600000E-2	-2.040000E+0	-4.200000E-1
8.620000E-2	-2.120000E+0	-4.200000E-1
8.640000E-2	-2.120000E+0	-4.200000E-1
8.660000E-2	-2.120000E+0	-4.000000E-1
8.680000E-2	-2.160000E+0	-4.000000E-1
8.700000E-2	-2.120000E+0	-4.000000E-1
8.720000E-2	-2.160000E+0	-4.000000E-1
8.740000E-2	-2.120000E+0	-4.000000E-1
8.760000E-2	-2.120000E+0	-3.800000E-1
8.780000E-2	-2.120000E+0	-4.000000E-1
8.800000E-2	-2.120000E+0	-3.800000E-1
8.820000E-2	-2.120000E+0	-4.000000E-1
8.840000E-2	-2.120000E+0	-3.800000E-1
8.860000E-2	-2.120000E+0	-3.800000E-1
8.880000E-2	-2.160000E+0	-3.800000E-1
8.900000E-2	-2.120000E+0	-3.600000E-1
8.920000E-2	-2.120000E+0	-3.600000E-1
8.940000E-2	-2.120000E+0	-3.600000E-1
8.960000E-2	-2.120000E+0	-3.600000E-1
8.980000E-2	-2.120000E+0	-3.600000E-1
9.000000E-2	-2.120000E+0	-3.600000E-1
9.020000E-2	-2.160000E+0	-3.400000E-1
9.040000E-2	-2.200000E+0	-3.400000E-1
9.060000E-2	-2.200000E+0	-3.600000E-1
9.080000E-2	-2.160000E+0	-3.400000E-1
9.100000E-2	-2.200000E+0	-3.400000E-1
9.120000E-2	-2.200000E+0	-3.400000E-1
9.140000E-2	-2.200000E+0	-3.200000E-1
9.160000E-2	-2.160000E+0	-3.400000E-1
9.180000E-2	-2.160000E+0	-3.200000E-1
9.200000E-2	-2.200000E+0	-3.200000E-1
9.220000E-2	-2.200000E+0	-3.200000E-1
9.240000E-2	-2.200000E+0	-3.000000E-1
9.260000E-2	-2.160000E+0	-3.000000E-1
9.280000E-2	-2.200000E+0	-3.000000E-1
9.300000E-2	-2.160000E+0	-3.000000E-1
9.320000E-2	-2.160000E+0	-3.000000E-1
9.340000E-2	-2.160000E+0	-3.000000E-1
9.360000E-2	-2.200000E+0	-3.000000E-1
9.380000E-2	-2.160000E+0	-2.800000E-1
9.400000E-2	-2.200000E+0	-3.000000E-1
9.420000E-2	-2.240000E+0	-3.000000E-1
9.440000E-2	-2.200000E+0	-3.000000E-1
9.460000E-2	-2.240000E+0	-2.800000E-1
9.480000E-2	-2.240000E+0	-2.800000E-1
9.500000E-2	-2.240000E+0	-2.800000E-1
9.520000E-2	-2.200000E+0	-2.800000E-1
9.540000E-2	-2.240000E+0	-2.800000E-1
9.560000E-2	-2.200000E+0	-2.600000E-1
9.580000E-2	-2.240000E+0	-2.600000E-1
9.600000E-2	-2.240000E+0	-2.600000E-1
9.620000E-2	-2.200000E+0	-2.600000E-1
9.640000E-2	-2.240000E+0	-2.600000E-1
9.660000E-2	-2.240000E+0	-2.600000E-1
9.680000E-2	-2.240000E+0	-2.400000E-1
9.700000E-2	-2.240000E+0	-2.400000E-1
9.720000E-2	-2.240000E+0	-2.400000E-1
9.740000E-2	-2.200000E+0	-2.400000E-1
9.760000E-2	-2.240000E+0	-2.200000E-1
9.780000E-2	-2.240000E+0	-2.200000E-1
9.800000E-2	-2.200000E+0	-2.200000E-1
9.820000E-2	-2.280000E+0	-2.200000E-1
9.840000E-2	-2.280000E+0	-2.000000E-1
9.860000E-2	-2.280000E+0	-2.200000E-1
9.880000E-2	-2.280000E+0	-2.000000E-1
9.900000E-2	-2.240000E+0	-2.000000E-1
9.920000E-2	-2.280000E+0	-2.000000E-1
9.940000E-2	-2.280000E+0	-2.000000E-1
9.960000E-2	-2.280000E+0	-2.000000E-1
9.980000E-2	-2.280000E+0	-1.800000E-1
1.000000E-1	-2.280000E+0	-2.000000E-1
1.002000E-1	-2.280000E+0	-1.800000E-1
1.004000E-1	-2.280000E+0	-1.800000E-1
1.006000E-1	-2.280000E+0	-1.800000E-1
1.008000E-1	-2.280000E+0	-1.800000E-1
1.010000E-1	-2.280000E+0	-1.800000E-1
1.012000E-1	-2.280000E+0	-1.400000E-1
1.014000E-1	-2.240000E+0	-1.600000E-1
1.016000E-1	-2.280000E+0	-1.600000E-1
1.018000E-1	-2.280000E+0	-1.600000E-1
1.020000E-1	-2.280000E+0	-1.400000E-1
1.022000E-1	-2.320000E+0	-1.600000E-1
1.024000E-1	-2.320000E+0	-1.600000E-1
1.026000E-1	-2.320000E+0	-1.400000E-1
1.028000E-1	-2.280000E+0	-1.200000E-1
1.030000E-1	-2.320000E+0	-1.200000E-1
1.032000E-1	-2.320000E+0	-1.400000E-1
1.034000E-1	-2.320000E+0	-1.200000E-1
1.036000E-1	-2.320000E+0	-1.400000E-1
1.038000E-1	-2.320000E+0	-1.200000E-1
1.040000E-1	-2.320000E+0	-1.200000E-1
1.042000E-1	-2.320000E+0	-1.200000E-1
1.044000E-1	-2.280000E+0	-1.200000E-1
1.046000E-1	-2.320000E+0	-1.000000E-1
1.048000E-1	-2.320000E+0	-1.000000E-1
1.050000E-1	-2.320000E+0	-8.000000E-2
1.052000E-1	-2.320000E+0	-1.000000E-1
1.054000E-1	-2.320000E+0	-1.000000E-1
1.056000E-1	-2.320000E+0	-1.000000E-1
1.058000E-1	-2.320000E+0	-8.000000E-2
1.060000E-1	-2.320000E+0	-8.000000E-2
1.062000E-1	-2.320000E+0	-8.000000E-2
1.064000E-1	-2.320000E+0	-8.000000E-2
1.066000E-1	-2.320000E+0	-6.000000E-2
1.068000E-1	-2.320000E+0	-6.000000E-2
1.070000E-1	-2.320000E+0	-8.000000E-2
1.072000E-1	-2.320000E+0	-6.000000E-2
1.074000E-1	-2.320000E+0	-6.000000E-2
1.076000E-1	-2.320000E+0	-6.000000E-2
1.078000E-1	-2.360000E+0	-4.000000E-2
1.080000E-1	-2.320000E+0	-4.000000E-2
1.082000E-1	-2.320000E+0	-4.000000E-2
1.084000E-1	-2.320000E+0	-4.000000E-2
1.086000E-1	-2.320000E+0	-4.000000E-2
1.088000E-1	-2.320000E+0	-4.000000E-2
1.090000E-1	-2.320000E+0	-4.000000E-2
1.092000E-1	-2.320000E+0	-2.000000E-2
1.094000E-1	-2.360000E+0	-2.000000E-2
1.096000E-1	-2.320000E+0	-2.000000E-2
1.098000E-1	-2.360000E+0	-2.000000E-2
1.100000E-1	-2.320000E+0	0.000000E+0
1.102000E-1	-2.320000E+0	-2.000000E-2
1.104000E-1	-2.320000E+0	0.000000E+0
1.106000E-1	-2.360000E+0	0.000000E+0
1.108000E-1	-2.320000E+0	0.000000E+0
1.110000E-1	-2.360000E+0	0.000000E+0
1.112000E-1	-2.360000E+0	2.000000E-2
1.114000E-1	-2.320000E+0	2.000000E-2
1.116000E-1	-2.360000E+0	2.000000E-2
1.118000E-1	-2.320000E+0	2.000000E-2
1.120000E-1	-2.320000E+0	2.000000E-2
1.122000E-1	-2.320000E+0	4.000000E-2
1.124000E-1	-2.360000E+0	2.000000E-2
1.126000E-1	-2.360000E+0	2.000000E-2
1.128000E-1	-2.320000E+0	2.000000E-2
1.130000E-1	-2.360000E+0	4.000000E-2
1.132000E-1	-2.360000E+0	4.000000E-2
1.134000E-1	-2.320000E+0	4.000000E-2
1.136000E-1	-2.320000E+0	4.000000E-2
1.138000E-1	-2.320000E+0	6.000000E-2
1.140000E-1	-2.320000E+0	6.000000E-2
1.142000E-1	-2.320000E+0	6.000000E-2
1.144000E-1	-2.360000E+0	6.000000E-2
1.146000E-1	-2.320000E+0	6.000000E-2
1.148000E-1	-2.360000E+0	6.000000E-2
1.150000E-1	-2.360000E+0	8.000000E-2
1.152000E-1	-2.360000E+0	6.000000E-2
1.154000E-1	-2.320000E+0	6.000000E-2
1.156000E-1	-2.360000E+0	8.000000E-2
1.158000E-1	-2.320000E+0	8.000000E-2
1.160000E-1	-2.360000E+0	8.000000E-2
1.162000E-1	-2.360000E+0	1.000000E-1
1.164000E-1	-2.360000E+0	1.000000E-1
1.166000E-1	-2.360000E+0	1.000000E-1
1.168000E-1	-2.320000E+0	1.000000E-1
1.170000E-1	-2.320000E+0	1.200000E-1
1.172000E-1	-2.360000E+0	1.000000E-1
1.174000E-1	-2.320000E+0	1.200000E-1
1.176000E-1	-2.320000E+0	1.200000E-1
1.178000E-1	-2.360000E+0	1.200000E-1
1.180000E-1	-2.360000E+0	1.200000E-1
1.182000E-1	-2.320000E+0	1.200000E-1
1.184000E-1	-2.320000E+0	1.000000E-1
1.186000E-1	-2.360000E+0	1.200000E-1
1.188000E-1	-2.320000E+0	1.400000E-1
1.190000E-1	-2.320000E+0	1.200000E-1
1.192000E-1	-2.360000E+0	1.400000E-1
1.194000E-1	-2.360000E+0	1.400000E-1
1.196000E-1	-2.320000E+0	1.400000E-1
1.198000E-1	-2.360000E+0	1.400000E-1
1.200000E-1	-2.320000E+0	1.400000E-1
1.202000E-1	-2.360000E+0	1.600000E-1
1.204000E-1	-2.360000E+0	1.600000E-1
1.206000E-1	-2.320000E+0	1.800000E-1
1.208000E-1	-2.320000E+0	1.800000E-1
1.210000E-1	-2.320000E+0	1.800000E-1
1.212000E-1	-2.320000E+0	1.600000E-1
1.214000E-1	-2.360000E+0	1.800000E-1
1.216000E-1	-2.360000E+0	1.800000E-1
1.218000E-1	-2.320000E+0	1.800000E-1
1.220000E-1	-2.320000E+0	2.000000E-1
1.222000E-1	-2.320000E+0	1.800000E-1
1.224000E-1	-2.320000E+0	2.200000E-1
1.226000E-1	-2.320000E+0	1.800000E-1
1.228000E-1	-2.320000E+0	2.000000E-1
1.230000E-1	-2.320000E+0	2.200000E-1
1.232000E-1	-2.320000E+0	2.200000E-1
1.234000E-1	-2.320000E+0	2.000000E-1
1.236000E-1	-2.320000E+0	2.000000E-1
1.238000E-1	-2.320000E+0	2.200000E-1
1.240000E-1	-2.320000E+0	2.200000E-1
1.242000E-1	-2.320000E+0	2.200000E-1
1.244000E-1	-2.320000E+0	2.200000E-1
1.246000E-1	-2.360000E+0	2.200000E-1
1.248000E-1	-2.320000E+0	2.200000E-1
1.250000E-1	-2.320000E+0	2.200000E-1
1.252000E-1	-2.320000E+0	2.200000E-1
1.254000E-1	-2.320000E+0	2.400000E-1
1.256000E-1	-2.320000E+0	2.400000E-1
1.258000E-1	-2.320000E+0	2.400000E-1
1.260000E-1	-2.320000E+0	2.400000E-1
1.262000E-1	-2.360000E+0	2.600000E-1
1.264000E-1	-2.320000E+0	2.600000E-1
1.266000E-1	-2.320000E+0	2.600000E-1
1.268000E-1	-2.320000E+0	2.800000E-1
1.270000E-1	-2.320000E+0	2.600000E-1
1.272000E-1	-2.320000E+0	2.800000E-1
1.274000E-1	-2.320000E+0	2.800000E-1
1.276000E-1	-2.320000E+0	2.800000E-1
1.278000E-1	-2.280000E+0	2.800000E-1
1.280000E-1	-2.320000E+0	2.800000E-1
1.282000E-1	-2.320000E+0	2.800000E-1
1.284000E-1	-2.320000E+0	3.000000E-1
1.286000E-1	-2.320000E+0	2.800000E-1
1.288000E-1	-2.320000E+0	3.000000E-1
1.290000E-1	-2.320000E+0	3.200000E-1
1.292000E-1	-2.320000E+0	3.000000E-1
1.294000E-1	-2.320000E+0	3.200000E-1
1.296000E-1	-2.320000E+0	3.000000E-1
1.298000E-1	-2.320000E+0	3.000000E-1
1.300000E-1	-2.320000E+0	3.000000E-1
1.302000E-1	-2.320000E+0	3.200000E-1
1.304000E-1	-2.320000E+0	3.200000E-1
1.306000E-1	-2.280000E+0	3.000000E-1
1.308000E-1	-2.320000E+0	3.400000E-1
1.310000E-1	-2.280000E+0	3.200000E-1
1.312000E-1	-2.280000E+0	3.200000E-1
1.314000E-1	-2.280000E+0	3.400000E-1
1.316000E-1	-2.280000E+0	3.400000E-1
1.318000E-1	-2.280000E+0	3.200000E-1
1.320000E-1	-2.280000E+0	3.600000E-1
1.322000E-1	-2.280000E+0	3.400000E-1
1.324000E-1	-2.280000E+0	3.400000E-1
1.326000E-1	-2.280000E+0	3.600000E-1
1.328000E-1	-2.320000E+0	3.600000E-1
1.330000E-1	-2.280000E+0	3.400000E-1
1.332000E-1	-2.280000E+0	3.600000E-1
1.334000E-1	-2.280000E+0	3.400000E-1
1.336000E-1	-2.280000E+0	3.400000E-1
1.338000E-1	-2.280000E+0	3.400000E-1
1.340000E-1	-2.280000E+0	3.600000E-1
1.342000E-1	-2.280000E+0	3.800000E-1
1.344000E-1	-2.240000E+0	3.800000E-1
1.346000E-1	-2.280000E+0	3.600000E-1
1.348000E-1	-2.240000E+0	3.800000E-1
1.350000E-1	-2.280000E+0	3.800000E-1
1.352000E-1	-2.240000E+0	3.800000E-1
1.354000E-1	-2.240000E+0	3.800000E-1
1.356000E-1	-2.240000E+0	3.600000E-1
1.358000E-1	-2.240000E+0	3.800000E-1
1.360000E-1	-2.240000E+0	3.800000E-1
1.362000E-1	-2.240000E+0	3.800000E-1
1.364000E-1	-2.240000E+0	3.800000E-1
1.366000E-1	-2.240000E+0	3.800000E-1
1.368000E-1	-2.240000E+0	3.800000E-1
1.370000E-1	-2.240000E+0	3.800000E-1
1.372000E-1	-2.240000E+0	3.800000E-1
1.374000E-1	-2.240000E+0	3.800000E-1
1.376000E-1	-2.240000E+0	3.800000E-1
1.378000E-1	-2.240000E+0	4.000000E-1
1.380000E-1	-2.240000E+0	4.000000E-1
1.382000E-1	-2.240000E+0	4.200000E-1
1.384000E-1	-2.240000E+0	4.200000E-1
1.386000E-1	-2.200000E+0	4.200000E-1
1.388000E-1	-2.200000E+0	4.200000E-1
1.390000E-1	-2.160000E+0	4.200000E-1
1.392000E-1	-2.200000E+0	4.400000E-1
1.394000E-1	-2.200000E+0	4.200000E-1
1.396000E-1	-2.200000E+0	4.400000E-1
1.398000E-1	-2.200000E+0	4.400000E-1
1.400000E-1	-2.200000E+0	4.400000E-1
1.402000E-1	-2.200000E+0	4.600000E-1
1.404000E-1	-2.200000E+0	4.400000E-1
1.406000E-1	-2.200000E+0	4.400000E-1
1.408000E-1	-2.200000E+0	4.400000E-1
1.410000E-1	-2.200000E+0	4.400000E-1
1.412000E-1	-2.200000E+0	4.400000E-1
1.414000E-1	-2.200000E+0	4.600000E-1
1.416000E-1	-2.200000E+0	4.600000E-1
1.418000E-1	-2.200000E+0	4.600000E-1
1.420000E-1	-2.200000E+0	4.800000E-1
1.422000E-1	-2.200000E+0	4.800000E-1
1.424000E-1	-2.200000E+0	4.600000E-1
1.426000E-1	-2.160000E+0	4.600000E-1
1.428000E-1	-2.160000E+0	4.600000E-1
1.430000E-1	-2.120000E+0	4.800000E-1
1.432000E-1	-2.160000E+0	4.600000E-1
1.434000E-1	-2.160000E+0	4.600000E-1
1.436000E-1	-2.120000E+0	4.800000E-1
1.438000E-1	-2.160000E+0	4.800000E-1
1.440000E-1	-2.160000E+0	4.800000E-1
1.442000E-1	-2.160000E+0	5.000000E-1
1.444000E-1	-2.160000E+0	5.000000E-1
1.446000E-1	-2.160000E+0	4.800000E-1
1.448000E-1	-2.120000E+0	5.000000E-1
1.450000E-1	-2.160000E+0	5.200000E-1
1.452000E-1	-2.160000E+0	5.000000E-1
1.454000E-1	-2.160000E+0	5.000000E-1
1.456000E-1	-2.160000E+0	5.000000E-1
1.458000E-1	-2.120000E+0	5.000000E-1
1.460000E-1	-2.160000E+0	5.200000E-1
1.462000E-1	-2.160000E+0	5.200000E-1
1.464000E-1	-2.160000E+0	5.200000E-1
1.466000E-1	-2.040000E+0	5.200000E-1
1.468000E-1	-2.080000E+0	5.200000E-1
1.470000E-1	-2.080000E+0	5.200000E-1
1.472000E-1	-2.040000E+0	5.400000E-1
1.474000E-1	-2.040000E+0	5.400000E-1
1.476000E-1	-2.080000E+0	5.400000E-1
1.478000E-1	-2.080000E+0	5.400000E-1
1.480000E-1	-2.080000E+0	5.400000E-1
1.482000E-1	-2.080000E+0	5.400000E-1
1.484000E-1	-2.080000E+0	5.600000E-1
1.486000E-1	-2.080000E+0	5.600000E-1
1.488000E-1	-2.080000E+0	5.400000E-1
1.490000E-1	-2.080000E+0	5.600000E-1
1.492000E-1	-2.080000E+0	5.600000E-1
1.494000E-1	-2.040000E+0	5.600000E-1
1.496000E-1	-2.080000E+0	5.600000E-1
1.498000E-1	-2.080000E+0	5.600000E-1
1.500000E-1	-2.080000E+0	5.800000E-1
1.502000E-1	-2.080000E+0	5.800000E-1
1.504000E-1	-2.080000E+0	5.800000E-1
1.506000E-1	-2.080000E+0	5.800000E-1
1.508000E-1	-2.000000E+0	5.800000E-1
1.510000E-1	-2.040000E+0	6.000000E-1
1.512000E-1	-2.040000E+0	5.800000E-1
1.514000E-1	-2.040000E+0	6.000000E-1
1.516000E-1	-2.000000E+0	5.800000E-1
1.518000E-1	-2.000000E+0	5.800000E-1
1.520000E-1	-2.000000E+0	6.000000E-1
1.522000E-1	-2.000000E+0	6.000000E-1
1.524000E-1	-2.000000E+0	6.000000E-1
1.526000E-1	-2.000000E+0	6.000000E-1
1.528000E-1	-2.000000E+0	6.000000E-1
1.530000E-1	-2.000000E+0	6.000000E-1
1.532000E-1	-1.960000E+0	6.400000E-1
1.534000E-1	-2.000000E+0	6.200000E-1
1.536000E-1	-2.040000E+0	6.000000E-1
1.538000E-1	-2.000000E+0	6.000000E-1
1.540000E-1	-2.000000E+0	6.200000E-1
1.542000E-1	-2.000000E+0	6.400000E-1
1.544000E-1	-2.000000E+0	6.400000E-1
1.546000E-1	-2.000000E+0	6.200000E-1
1.548000E-1	-1.920000E+0	6.400000E-1
1.550000E-1	-1.960000E+0	6.200000E-1
1.552000E-1	-1.920000E+0	6.400000E-1
1.554000E-1	-1.960000E+0	6.400000E-1
1.556000E-1	-1.920000E+0	6.400000E-1
1.558000E-1	-1.920000E+0	6.400000E-1
1.560000E-1	-1.920000E+0	6.400000E-1
1.562000E-1	-1.920000E+0	6.400000E-1
1.564000E-1	-1.920000E+0	6.400000E-1
1.566000E-1	-1.920000E+0	6.400000E-1
1.568000E-1	-1.960000E+0	6.400000E-1
1.570000E-1	-1.920000E+0	6.800000E-1
1.572000E-1	-1.920000E+0	6.600000E-1
1.574000E-1	-1.920000E+0	6.800000E-1
1.576000E-1	-1.920000E+0	6.400000E-1
1.578000E-1	-1.960000E+0	6.800000E-1
1.580000E-1	-1.960000E+0	6.600000E-1
1.582000E-1	-1.920000E+0	7.000000E-1
1.584000E-1	-1.920000E+0	6.800000E-1
1.586000E-1	-1.920000E+0	6.800000E-1
1.588000E-1	-1.960000E+0	7.000000E-1
1.590000E-1	-1.840000E+0	7.000000E-1
1.592000E-1	-1.840000E+0	6.800000E-1
1.594000E-1	-1.840000E+0	6.800000E-1
1.596000E-1	-1.840000E+0	6.800000E-1
1.598000E-1	-1.840000E+0	7.000000E-1
1.600000E-1	-1.840000E+0	7.000000E-1
1.602000E-1	-1.840000E+0	7.000000E-1
1.604000E-1	-1.840000E+0	7.000000E-1
1.606000E-1	-1.840000E+0	7.000000E-1
1.608000E-1	-1.840000E+0	7.200000E-1
1.610000E-1	-1.840000E+0	7.200000E-1
1.612000E-1	-1.840000E+0	7.200000E-1
1.614000E-1	-1.840000E+0	7.200000E-1
1.616000E-1	-1.840000E+0	7.000000E-1
1.618000E-1	-1.840000E+0	7.000000E-1
1.620000E-1	-1.840000E+0	7.000000E-1
1.622000E-1	-1.840000E+0	7.200000E-1
1.624000E-1	-1.840000E+0	7.200000E-1
1.626000E-1	-1.840000E+0	7.200000E-1
1.628000E-1	-1.840000E+0	7.400000E-1
1.630000E-1	-1.720000E+0	7.400000E-1
1.632000E-1	-1.760000E+0	7.200000E-1
1.634000E-1	-1.760000E+0	7.200000E-1
1.636000E-1	-1.760000E+0	7.400000E-1
1.638000E-1	-1.760000E+0	7.400000E-1
1.640000E-1	-1.760000E+0	7.400000E-1
1.642000E-1	-1.760000E+0	7.400000E-1
1.644000E-1	-1.720000E+0	7.400000E-1
1.646000E-1	-1.720000E+0	7.400000E-1
1.648000E-1	-1.760000E+0	7.600000E-1
1.650000E-1	-1.720000E+0	7.600000E-1
1.652000E-1	-1.760000E+0	7.600000E-1
1.654000E-1	-1.720000E+0	7.600000E-1
1.656000E-1	-1.720000E+0	7.600000E-1
1.658000E-1	-1.720000E+0	7.600000E-1
1.660000E-1	-1.760000E+0	7.800000E-1
1.662000E-1	-1.760000E+0	7.600000E-1
1.664000E-1	-1.760000E+0	7.600000E-1
1.666000E-1	-1.760000E+0	7.800000E-1
1.668000E-1	-1.760000E+0	7.600000E-1
1.670000E-1	-1.760000E+0	7.600000E-1
1.672000E-1	-1.640000E+0	7.600000E-1
1.674000E-1	-1.640000E+0	7.800000E-1
1.676000E-1	-1.640000E+0	7.800000E-1
1.678000E-1	-1.640000E+0	7.800000E-1
1.680000E-1	-1.640000E+0	8.000000E-1
1.682000E-1	-1.640000E+0	7.800000E-1
1.684000E-1	-1.640000E+0	8.000000E-1
1.686000E-1	-1.640000E+0	7.800000E-1
1.688000E-1	-1.640000E+0	7.800000E-1
1.690000E-1	-1.640000E+0	8.000000E-1
1.692000E-1	-1.640000E+0	8.000000E-1
1.694000E-1	-1.640000E+0	8.000000E-1
1.696000E-1	-1.640000E+0	8.000000E-1
1.698000E-1	-1.640000E+0	8.000000E-1
1.700000E-1	-1.640000E+0	8.000000E-1
1.702000E-1	-1.640000E+0	7.800000E-1
1.704000E-1	-1.600000E+0	8.000000E-1
1.706000E-1	-1.640000E+0	8.000000E-1
1.708000E-1	-1.640000E+0	8.000000E-1
1.710000E-1	-1.640000E+0	8.000000E-1
1.712000E-1	-1.520000E+0	8.000000E-1
1.714000E-1	-1.520000E+0	8.200000E-1
1.716000E-1	-1.520000E+0	8.400000E-1
1.718000E-1	-1.520000E+0	8.000000E-1
1.720000E-1	-1.520000E+0	8.200000E-1
1.722000E-1	-1.520000E+0	8.200000E-1
1.724000E-1	-1.520000E+0	8.200000E-1
1.726000E-1	-1.520000E+0	8.200000E-1
1.728000E-1	-1.480000E+0	8.400000E-1
1.730000E-1	-1.520000E+0	8.200000E-1
1.732000E-1	-1.520000E+0	8.400000E-1
1.734000E-1	-1.520000E+0	8.200000E-1
1.736000E-1	-1.520000E+0	8.400000E-1
1.738000E-1	-1.520000E+0	8.200000E-1
1.740000E-1	-1.520000E+0	8.400000E-1
1.742000E-1	-1.520000E+0	8.600000E-1
1.744000E-1	-1.560000E+0	8.600000E-1
1.746000E-1	-1.520000E+0	8.600000E-1
1.748000E-1	-1.520000E+0	8.400000E-1
1.750000E-1	-1.520000E+0	8.600000E-1
1.752000E-1	-1.360000E+0	8.600000E-1
1.754000E-1	-1.400000E+0	8.600000E-1
1.756000E-1	-1.400000E+0	8.600000E-1
1.758000E-1	-1.400000E+0	8.600000E-1
1.760000E-1	-1.400000E+0	8.600000E-1
1.762000E-1	-1.400000E+0	8.600000E-1
1.764000E-1	-1.400000E+0	8.800000E-1
1.766000E-1	-1.400000E+0	8.600000E-1
1.768000E-1	-1.400000E+0	8.600000E-1
1.770000E-1	-1.440000E+0	8.600000E-1
1.772000E-1	-1.400000E+0	8.600000E-1
1.774000E-1	-1.400000E+0	8.600000E-1
1.776000E-1	-1.400000E+0	8.800000E-1
1.778000E-1	-1.400000E+0	8.600000E-1
1.780000E-1	-1.400000E+0	8.600000E-1
1.782000E-1	-1.400000E+0	8.800000E-1
1.784000E-1	-1.400000E+0	8.600000E-1
1.786000E-1	-1.400000E+0	8.800000E-1
1.788000E-1	-1.400000E+0	8.800000E-1
1.790000E-1	-1.360000E+0	8.800000E-1
1.792000E-1	-1.400000E+0	9.000000E-1
1.794000E-1	-1.280000E+0	9.000000E-1
1.796000E-1	-1.280000E+0	8.800000E-1
1.798000E-1	-1.280000E+0	8.800000E-1
1.800000E-1	-1.280000E+0	9.000000E-1
1.802000E-1	-1.280000E+0	9.000000E-1
1.804000E-1	-1.280000E+0	9.200000E-1
1.806000E-1	-1.280000E+0	9.000000E-1
1.808000E-1	-1.280000E+0	9.000000E-1
1.810000E-1	-1.280000E+0	9.000000E-1
1.812000E-1	-1.280000E+0	9.200000E-1
1.814000E-1	-1.280000E+0	9.200000E-1
1.816000E-1	-1.280000E+0	9.200000E-1
1.818000E-1	-1.280000E+0	9.000000E-1
1.820000E-1	-1.280000E+0	9.200000E-1
1.822000E-1	-1.280000E+0	9.200000E-1
1.824000E-1	-1.280000E+0	9.000000E-1
1.826000E-1	-1.280000E+0	9.200000E-1
1.828000E-1	-1.280000E+0	9.200000E-1
1.830000E-1	-1.240000E+0	9.200000E-1
1.832000E-1	-1.280000E+0	9.200000E-1
1.834000E-1	-1.280000E+0	9.200000E-1
1.836000E-1	-1.160000E+0	9.200000E-1
1.838000E-1	-1.160000E+0	9.200000E-1
1.840000E-1	-1.160000E+0	9.200000E-1
1.842000E-1	-1.160000E+0	9.200000E-1
1.844000E-1	-1.160000E+0	9.200000E-1
1.846000E-1	-1.120000E+0	9.400000E-1
1.848000E-1	-1.160000E+0	9.200000E-1
1.850000E-1	-1.160000E+0	9.200000E-1
1.852000E-1	-1.120000E+0	9.200000E-1
1.854000E-1	-1.160000E+0	9.400000E-1
1.856000E-1	-1.120000E+0	9.200000E-1
1.858000E-1	-1.160000E+0	9.200000E-1
1.860000E-1	-1.160000E+0	9.200000E-1
1.862000E-1	-1.120000E+0	9.400000E-1
1.864000E-1	-1.160000E+0	9.400000E-1
1.866000E-1	-1.160000E+0	9.400000E-1
1.868000E-1	-1.160000E+0	9.600000E-1
1.870000E-1	-1.160000E+0	9.400000E-1
1.872000E-1	-1.160000E+0	9.600000E-1
1.874000E-1	-1.160000E+0	9.600000E-1
1.876000E-1	-1.040000E+0	9.400000E-1
1.878000E-1	-1.000000E+0	9.600000E-1
1.880000E-1	-1.040000E+0	9.600000E-1
1.882000E-1	-1.000000E+0	9.600000E-1
1.884000E-1	-1.040000E+0	9.600000E-1
1.886000E-1	-1.040000E+0	9.800000E-1
1.888000E-1	-1.000000E+0	9.600000E-1
1.890000E-1	-1.040000E+0	9.600000E-1
1.892000E-1	-1.040000E+0	9.600000E-1
1.894000E-1	-1.040000E+0	9.600000E-1
1.896000E-1	-1.040000E+0	9.800000E-1
1.898000E-1	-1.040000E+0	9.600000E-1
1.900000E-1	-1.040000E+0	9.600000E-1
1.902000E-1	-1.000000E+0	9.800000E-1
1.904000E-1	-1.040000E+0	9.800000E-1
1.906000E-1	-1.040000E+0	9.800000E-1
1.908000E-1	-1.000000E+0	9.800000E-1
1.910000E-1	-1.000000E+0	9.800000E-1
1.912000E-1	-1.040000E+0	9.800000E-1
1.914000E-1	-1.040000E+0	9.800000E-1
1.916000E-1	-8.800000E-1	9.800000E-1
1.918000E-1	-8.800000E-1	9.800000E-1
1.920000E-1	-8.800000E-1	9.600000E-1
1.922000E-1	-8.800000E-1	9.800000E-1
1.924000E-1	-8.800000E-1	9.800000E-1
1.926000E-1	-8.800000E-1	9.800000E-1
1.928000E-1	-8.800000E-1	9.800000E-1
1.930000E-1	-8.800000E-1	1.000000E+0
1.932000E-1	-8.800000E-1	9.800000E-1
1.934000E-1	-8.800000E-1	9.800000E-1
1.936000E-1	-8.800000E-1	9.800000E-1
1.938000E-1	-8.800000E-1	1.000000E+0
1.940000E-1	-8.800000E-1	9.800000E-1
1.942000E-1	-8.800000E-1	1.000000E+0
1.944000E-1	-8.800000E-1	1.000000E+0
1.946000E-1	-8.800000E-1	1.000000E+0
1.948000E-1	-8.800000E-1	1.000000E+0
1.950000E-1	-8.800000E-1	1.000000E+0
1.952000E-1	-8.800000E-1	9.800000E-1
1.954000E-1	-8.400000E-1	1.000000E+0
1.956000E-1	-8.800000E-1	9.800000E-1
1.958000E-1	-7.200000E-1	1.000000E+0
1.960000E-1	-7.600000E-1	1.000000E+0
1.962000E-1	-7.600000E-1	9.800000E-1
1.964000E-1	-7.600000E-1	1.020000E+0
1.966000E-1	-7.200000E-1	1.020000E+0
1.968000E-1	-7.600000E-1	1.000000E+0
1.970000E-1	-7.600000E-1	1.000000E+0
1.972000E-1	-7.600000E-1	1.000000E+0
1.974000E-1	-7.600000E-1	1.000000E+0
1.976000E-1	-7.200000E-1	1.020000E+0
1.978000E-1	-7.200000E-1	1.000000E+0
1.980000E-1	-7.200000E-1	1.020000E+0
1.982000E-1	-7.200000E-1	1.020000E+0
1.984000E-1	-7.600000E-1	1.020000E+0
1.986000E-1	-7.600000E-1	1.020000E+0
1.988000E-1	-7.600000E-1	1.000000E+0
1.990000E-1	-7.600000E-1	1.020000E+0
1.992000E-1	-7.200000E-1	1.040000E+0
1.994000E-1	-7.600000E-1	1.020000E+0
1.996000E-1	-7.200000E-1	1.020000E+0
1.998000E-1	-7.200000E-1	1.020000E+0
2.000000E-1	-6.000000E-1	1.040000E+0
2.002000E-1	-6.000000E-1	1.040000E+0
2.004000E-1	-6.000000E-1	1.020000E+0
2.006000E-1	-6.000000E-1	1.040000E+0
2.008000E-1	-6.000000E-1	1.020000E+0
2.010000E-1	-6.000000E-1	1.040000E+0
2.012000E-1	-6.000000E-1	1.040000E+0
2.014000E-1	-6.000000E-1	1.040000E+0
2.016000E-1	-6.000000E-1	1.060000E+0
2.018000E-1	-6.000000E-1	1.040000E+0
2.020000E-1	-6.000000E-1	1.020000E+0
2.022000E-1	-6.000000E-1	1.040000E+0
2.024000E-1	-6.000000E-1	1.040000E+0
2.026000E-1	-6.000000E-1	1.040000E+0
2.028000E-1	-6.000000E-1	1.040000E+0
2.030000E-1	-6.000000E-1	1.040000E+0
2.032000E-1	-6.000000E-1	1.040000E+0
2.034000E-1	-6.000000E-1	1.040000E+0
2.036000E-1	-6.000000E-1	1.040000E+0
2.038000E-1	-6.000000E-1	1.040000E+0
2.040000E-1	-6.000000E-1	1.040000E+0
2.042000E-1	-4.400000E-1	1.040000E+0
2.044000E-1	-4.400000E-1	1.040000E+0
2.046000E-1	-4.400000E-1	1.060000E+0
2.048000E-1	-4.400000E-1	1.060000E+0
2.050000E-1	-4.800000E-1	1.040000E+0
2.052000E-1	-4.800000E-1	1.040000E+0
2.054000E-1	-4.400000E-1	1.060000E+0
2.056000E-1	-4.800000E-1	1.060000E+0
2.058000E-1	-4.400000E-1	1.040000E+0
2.060000E-1	-4.800000E-1	1.040000E+0
2.062000E-1	-4.400000E-1	1.060000E+0
2.064000E-1	-4.400000E-1	1.080000E+0
2.066000E-1	-4.400000E-1	1.060000E+0
2.068000E-1	-4.400000E-1	1.060000E+0
2.070000E-1	-4.800000E-1	1.040000E+0
2.072000E-1	-4.800000E-1	1.080000E+0
2.074000E-1	-4.800000E-1	1.040000E+0
2.076000E-1	-4.800000E-1	1.080000E+0
2.078000E-1	-4.800000E-1	1.060000E+0
2.080000E-1	-4.400000E-1	1.060000E+0
2.082000E-1	-4.800000E-1	1.060000E+0
2.084000E-1	-3.200000E-1	1.060000E+0
2.086000E-1	-3.200000E-1	1.060000E+0
2.088000E-1	-3.200000E-1	1.060000E+0
2.090000E-1	-3.200000E-1	1.060000E+0
2.092000E-1	-3.200000E-1	1.060000E+0
2.094000E-1	-2.800000E-1	1.060000E+0
2.096000E-1	-3.200000E-1	1.060000E+0
2.098000E-1	-2.800000E-1	1.080000E+0
2.100000E-1	-2.800000E-1	1.080000E+0
2.102000E-1	-3.200000E-1	1.080000E+0
2.104000E-1	-2.800000E-1	1.060000E+0
2.106000E-1	-3.200000E-1	1.080000E+0
2.108000E-1	-3.200000E-1	1.080000E+0
2.110000E-1	-2.800000E-1	1.080000E+0
2.112000E-1	-3.200000E-1	1.060000E+0
2.114000E-1	-3.200000E-1	1.060000E+0
2.116000E-1	-2.800000E-1	1.080000E+0
2.118000E-1	-2.800000E-1	1.080000E+0
2.120000E-1	-3.200000E-1	1.080000E+0
2.122000E-1	-3.200000E-1	1.080000E+0
2.124000E-1	-1.600000E-1	1.080000E+0
2.126000E-1	-1.600000E-1	1.060000E+0
2.128000E-1	-1.600000E-1	1.080000E+0
2.130000E-1	-1.600000E-1	1.080000E+0
2.132000E-1	-1.600000E-1	1.080000E+0
2.134000E-1	-1.600000E-1	1.060000E+0
2.136000E-1	-1.600000E-1	1.080000E+0
2.138000E-1	-1.600000E-1	1.080000E+0
2.140000E-1	-1.600000E-1	1.080000E+0
2.142000E-1	-1.600000E-1	1.060000E+0
2.144000E-1	-1.600000E-1	1.080000E+0
2.146000E-1	-1.600000E-1	1.100000E+0
2.148000E-1	-1.600000E-1	1.060000E+0
2.150000E-1	-1.600000E-1	1.080000E+0
2.152000E-1	-1.600000E-1	1.080000E+0
2.154000E-1	-1.600000E-1	1.080000E+0
2.156000E-1	-1.600000E-1	1.100000E+0
2.158000E-1	-1.600000E-1	1.080000E+0
2.160000E-1	-1.600000E-1	1.080000E+0
2.162000E-1	-1.600000E-1	1.080000E+0
2.164000E-1	-1.600000E-1	1.080000E+0
2.166000E-1	-4.000000E-2	1.080000E+0
2.168000E-1	0.000000E+0	1.100000E+0
2.170000E-1	0.000000E+0	1.080000E+0
2.172000E-1	0.000000E+0	1.100000E+0
2.174000E-1	-4.000000E-2	1.080000E+0
2.176000E-1	0.000000E+0	1.100000E+0
2.178000E-1	0.000000E+0	1.100000E+0
2.180000E-1	0.000000E+0	1.100000E+0
2.182000E-1	0.000000E+0	1.080000E+0
2.184000E-1	0.000000E+0	1.080000E+0
2.186000E-1	-4.000000E-2	1.100000E+0
2.188000E-1	0.000000E+0	1.100000E+0
2.190000E-1	0.000000E+0	1.080000E+0
2.192000E-1	0.000000E+0	1.100000E+0
2.194000E-1	0.000000E+0	1.100000E+0
2.196000E-1	0.000000E+0	1.100000E+0
2.198000E-1	0.000000E+0	1.100000E+0
2.200000E-1	0.000000E+0	1.100000E+0
2.202000E-1	0.000000E+0	1.080000E+0
2.204000E-1	0.000000E+0	1.100000E+0
2.206000E-1	0.000000E+0	1.080000E+0
2.208000E-1	1.600000E-1	1.080000E+0
2.210000E-1	1.200000E-1	1.080000E+0
2.212000E-1	1.200000E-1	1.100000E+0
2.214000E-1	1.600000E-1	1.100000E+0
2.216000E-1	1.600000E-1	1.080000E+0
2.218000E-1	1.200000E-1	1.080000E+0
2.220000E-1	1.200000E-1	1.080000E+0
2.222000E-1	1.200000E-1	1.100000E+0
2.224000E-1	1.200000E-1	1.080000E+0
2.226000E-1	1.200000E-1	1.080000E+0
2.228000E-1	1.600000E-1	1.100000E+0
2.230000E-1	1.600000E-1	1.100000E+0
2.232000E-1	1.600000E-1	1.080000E+0
2.234000E-1	1.200000E-1	1.100000E+0
2.236000E-1	1.200000E-1	1.100000E+0
2.238000E-1	1.200000E-1	1.100000E+0
2.240000E-1	1.200000E-1	1.100000E+0
2.242000E-1	1.600000E-1	1.080000E+0
2.244000E-1	1.600000E-1	1.100000E+0
2.246000E-1	1.200000E-1	1.100000E+0
2.248000E-1	3.200000E-1	1.080000E+0
2.250000E-1	2.800000E-1	1.100000E+0
2.252000E-1	2.800000E-1	1.080000E+0
2.254000E-1	2.800000E-1	1.100000E+0
2.256000E-1	2.800000E-1	1.100000E+0
2.258000E-1	2.800000E-1	1.080000E+0
2.260000E-1	2.800000E-1	1.100000E+0
2.262000E-1	2.400000E-1	1.080000E+0
2.264000E-1	2.800000E-1	1.100000E+0
2.266000E-1	3.200000E-1	1.100000E+0
2.268000E-1	3.200000E-1	1.100000E+0
2.270000E-1	2.800000E-1	1.100000E+0
2.272000E-1	2.800000E-1	1.100000E+0
2.274000E-1	2.800000E-1	1.080000E+0
2.276000E-1	2.800000E-1	1.100000E+0
2.278000E-1	2.800000E-1	1.100000E+0
2.280000E-1	2.800000E-1	1.100000E+0
2.282000E-1	2.800000E-1	1.100000E+0
2.284000E-1	2.800000E-1	1.080000E+0
2.286000E-1	2.800000E-1	1.100000E+0
2.288000E-1	2.800000E-1	1.080000E+0
2.290000E-1	4.400000E-1	1.100000E+0
2.292000E-1	4.400000E-1	1.100000E+0
2.294000E-1	4.400000E-1	1.080000E+0
2.296000E-1	4.400000E-1	1.100000E+0
2.298000E-1	4.400000E-1	1.100000E+0
2.300000E-1	4.400000E-1	1.100000E+0
2.302000E-1	4.400000E-1	1.100000E+0
2.304000E-1	4.400000E-1	1.100000E+0
2.306000E-1	4.400000E-1	1.100000E+0
2.308000E-1	4.000000E-1	1.080000E+0
2.310000E-1	4.400000E-1	1.100000E+0
2.312000E-1	4.400000E-1	1.100000E+0
2.314000E-1	4.400000E-1	1.100000E+0
2.316000E-1	4.400000E-1	1.100000E+0
2.318000E-1	4.000000E-1	1.100000E+0
2.320000E-1	4.400000E-1	1.100000E+0
2.322000E-1	4.400000E-1	1.100000E+0
2.324000E-1	4.400000E-1	1.100000E+0
2.326000E-1	4.400000E-1	1.100000E+0
2.328000E-1	4.400000E-1	1.080000E+0
2.330000E-1	4.400000E-1	1.080000E+0
2.332000E-1	5.600000E-1	1.100000E+0
2.334000E-1	6.000000E-1	1.080000E+0
2.336000E-1	5.600000E-1	1.100000E+0
2.338000E-1	5.600000E-1	1.080000E+0
2.340000E-1	5.600000E-1	1.100000E+0
2.342000E-1	5.600000E-1	1.080000E+0
2.344000E-1	5.600000E-1	1.080000E+0
2.346000E-1	5.600000E-1	1.100000E+0
2.348000E-1	5.600000E-1	1.100000E+0
2.350000E-1	5.600000E-1	1.100000E+0
2.352000E-1	6.000000E-1	1.100000E+0
2.354000E-1	5.600000E-1	1.080000E+0
2.356000E-1	6.000000E-1	1.100000E+0
2.358000E-1	5.600000E-1	1.100000E+0
2.360000E-1	5.600000E-1	1.080000E+0
2.362000E-1	5.600000E-1	1.080000E+0
2.364000E-1	5.600000E-1	1.080000E+0
2.366000E-1	6.000000E-1	1.100000E+0
2.368000E-1	5.600000E-1	1.080000E+0
2.370000E-1	5.600000E-1	1.100000E+0
2.372000E-1	5.600000E-1	1.080000E+0
2.374000E-1	7.200000E-1	1.080000E+0
2.376000E-1	7.200000E-1	1.060000E+0
2.378000E-1	7.200000E-1	1.080000E+0
2.380000E-1	6.800000E-1	1.080000E+0
2.382000E-1	7.200000E-1	1.080000E+0
2.384000E-1	6.800000E-1	1.060000E+0
2.386000E-1	6.800000E-1	1.080000E+0
2.388000E-1	6.800000E-1	1.060000E+0
2.390000E-1	6.800000E-1	1.060000E+0
2.392000E-1	6.800000E-1	1.060000E+0
2.394000E-1	7.200000E-1	1.080000E+0
2.396000E-1	7.200000E-1	1.080000E+0
2.398000E-1	6.800000E-1	1.060000E+0
2.400000E-1	7.200000E-1	1.080000E+0
2.402000E-1	7.200000E-1	1.080000E+0
2.404000E-1	6.800000E-1	1.080000E+0
2.406000E-1	7.200000E-1	1.060000E+0
2.408000E-1	6.800000E-1	1.060000E+0
2.410000E-1	7.200000E-1	1.060000E+0
2.412000E-1	7.200000E-1	1.080000E+0
2.414000E-1	6.800000E-1	1.080000E+0
2.416000E-1	8.400000E-1	1.060000E+0
2.418000E-1	8.400000E-1	1.080000E+0
2.420000E-1	8.400000E-1	1.080000E+0
2.422000E-1	8.000000E-1	1.080000E+0
2.424000E-1	8.400000E-1	1.060000E+0
2.426000E-1	8.000000E-1	1.060000E+0
2.428000E-1	8.400000E-1	1.080000E+0
2.430000E-1	8.400000E-1	1.060000E+0
2.432000E-1	8.400000E-1	1.080000E+0
2.434000E-1	8.400000E-1	1.060000E+0
2.436000E-1	8.400000E-1	1.060000E+0
2.438000E-1	8.000000E-1	1.060000E+0
2.440000E-1	8.400000E-1	1.060000E+0
2.442000E-1	8.400000E-1	1.060000E+0
2.444000E-1	8.400000E-1	1.060000E+0
2.446000E-1	8.400000E-1	1.060000E+0
2.448000E-1	8.400000E-1	1.080000E+0
2.450000E-1	8.400000E-1	1.060000E+0
2.452000E-1	8.400000E-1	1.060000E+0
2.454000E-1	8.000000E-1	1.060000E+0
2.456000E-1	8.400000E-1	1.060000E+0
2.458000E-1	9.600000E-1	1.060000E+0
2.460000E-1	9.600000E-1	1.040000E+0
2.462000E-1	9.600000E-1	1.060000E+0
2.464000E-1	9.600000E-1	1.060000E+0
2.466000E-1	9.200000E-1	1.060000E+0
2.468000E-1	9.600000E-1	1.060000E+0
2.470000E-1	9.600000E-1	1.060000E+0
2.472000E-1	1.000000E+0	1.040000E+0
2.474000E-1	1.000000E+0	1.060000E+0
2.476000E-1	9.600000E-1	1.040000E+0
2.478000E-1	9.600000E-1	1.060000E+0
2.480000E-1	9.600000E-1	1.060000E+0
2.482000E-1	9.600000E-1	1.060000E+0
2.484000E-1	9.600000E-1	1.040000E+0
2.486000E-1	9.600000E-1	1.040000E+0
2.488000E-1	9.600000E-1	1.040000E+0
2.490000E-1	9.600000E-1	1.060000E+0
2.492000E-1	9.600000E-1	1.060000E+0
2.494000E-1	9.600000E-1	1.040000E+0
2.496000E-1	9.600000E-1	1.040000E+0
2.498000E-1	9.600000E-1	1.040000E+0
2.500000E-1	1.080000E+0	1.040000E+0
2.502000E-1	1.080000E+0	1.020000E+0
2.504000E-1	1.080000E+0	1.040000E+0
2.506000E-1	1.120000E+0	1.040000E+0
2.508000E-1	1.080000E+0	1.020000E+0
2.510000E-1	1.080000E+0	1.040000E+0
2.512000E-1	1.080000E+0	1.040000E+0
2.514000E-1	1.080000E+0	1.020000E+0
2.516000E-1	1.080000E+0	1.020000E+0
2.518000E-1	1.120000E+0	1.020000E+0
2.520000E-1	1.120000E+0	1.040000E+0
2.522000E-1	1.120000E+0	1.020000E+0
2.524000E-1	1.080000E+0	1.000000E+0
2.526000E-1	1.120000E+0	1.020000E+0
2.528000E-1	1.120000E+0	1.020000E+0
2.530000E-1	1.080000E+0	1.020000E+0
2.532000E-1	1.120000E+0	1.020000E+0
2.534000E-1	1.120000E+0	1.020000E+0
2.536000E-1	1.120000E+0	1.020000E+0
2.538000E-1	1.080000E+0	1.020000E+0
2.540000E-1	1.080000E+0	1.000000E+0
2.542000E-1	1.240000E+0	1.020000E+0
2.544000E-1	1.240000E+0	1.020000E+0
2.546000E-1	1.240000E+0	1.020000E+0
2.548000E-1	1.200000E+0	1.000000E+0
2.550000E-1	1.240000E+0	1.020000E+0
2.552000E-1	1.240000E+0	1.020000E+0
2.554000E-1	1.240000E+0	1.000000E+0
2.556000E-1	1.200000E+0	9.800000E-1
2.558000E-1	1.240000E+0	1.020000E+0
2.560000E-1	1.240000E+0	1.020000E+0
2.562000E-1	1.240000E+0	1.000000E+0
2.564000E-1	1.200000E+0	1.000000E+0
2.566000E-1	1.200000E+0	1.000000E+0
2.568000E-1	1.200000E+0	1.000000E+0
2.570000E-1	1.200000E+0	1.000000E+0
2.572000E-1	1.200000E+0	1.000000E+0
2.574000E-1	1.240000E+0	9.800000E-1
2.576000E-1	1.200000E+0	1.020000E+0
2.578000E-1	1.240000E+0	1.000000E+0
2.580000E-1	1.200000E+0	1.000000E+0
2.582000E-1	1.240000E+0	1.000000E+0
2.584000E-1	1.320000E+0	9.800000E-1
2.586000E-1	1.320000E+0	1.000000E+0
2.588000E-1	1.360000E+0	1.000000E+0
2.590000E-1	1.320000E+0	9.800000E-1
2.592000E-1	1.360000E+0	1.000000E+0
2.594000E-1	1.360000E+0	9.800000E-1
2.596000E-1	1.360000E+0	9.800000E-1
2.598000E-1	1.360000E+0	9.800000E-1
2.600000E-1	1.320000E+0	9.800000E-1
2.602000E-1	1.360000E+0	9.800000E-1
2.604000E-1	1.360000E+0	9.600000E-1
2.606000E-1	1.320000E+0	9.600000E-1
2.608000E-1	1.360000E+0	9.600000E-1
2.610000E-1	1.360000E+0	9.600000E-1
2.612000E-1	1.360000E+0	9.800000E-1
2.614000E-1	1.360000E+0	9.800000E-1
2.616000E-1	1.360000E+0	9.600000E-1
2.618000E-1	1.360000E+0	9.600000E-1
2.620000E-1	1.360000E+0	9.600000E-1
2.622000E-1	1.360000E+0	9.600000E-1
2.624000E-1	1.360000E+0	9.600000E-1
2.626000E-1	1.440000E+0	9.800000E-1
2.628000E-1	1.440000E+0	9.400000E-1
2.630000E-1	1.440000E+0	9.400000E-1
2.632000E-1	1.440000E+0	9.400000E-1
2.634000E-1	1.440000E+0	9.600000E-1
2.636000E-1	1.440000E+0	9.600000E-1
2.638000E-1	1.440000E+0	9.400000E-1
2.640000E-1	1.440000E+0	9.400000E-1
2.642000E-1	1.440000E+0	9.400000E-1
2.644000E-1	1.440000E+0	9.400000E-1
2.646000E-1	1.440000E+0	9.600000E-1
2.648000E-1	1.440000E+0	9.400000E-1
2.650000E-1	1.440000E+0	9.400000E-1
2.652000E-1	1.480000E+0	9.400000E-1
2.654000E-1	1.440000E+0	9.200000E-1
2.656000E-1	1.440000E+0	9.200000E-1
2.658000E-1	1.440000E+0	9.200000E-1
2.660000E-1	1.440000E+0	9.200000E-1
2.662000E-1	1.480000E+0	9.200000E-1
2.664000E-1	1.440000E+0	9.200000E-1
2.666000E-1	1.440000E+0	9.200000E-1
2.668000E-1	1.560000E+0	9.200000E-1
2.670000E-1	1.560000E+0	9.200000E-1
2.672000E-1	1.560000E+0	9.200000E-1
2.674000E-1	1.560000E+0	9.200000E-1
2.676000E-1	1.520000E+0	9.200000E-1
2.678000E-1	1.560000E+0	9.200000E-1
2.680000E-1	1.560000E+0	9.200000E-1
2.682000E-1	1.560000E+0	9.200000E-1
2.684000E-1	1.560000E+0	9.000000E-1
2.686000E-1	1.560000E+0	9.000000E-1
2.688000E-1	1.560000E+0	9.000000E-1
2.690000E-1	1.560000E+0	9.000000E-1
2.692000E-1	1.560000E+0	9.200000E-1
2.694000E-1	1.560000E+0	9.200000E-1
2.696000E-1	1.560000E+0	9.000000E-1
2.698000E-1	1.560000E+0	8.800000E-1
2.700000E-1	1.560000E+0	9.000000E-1
2.702000E-1	1.560000E+0	9.000000E-1
2.704000E-1	1.560000E+0	8.800000E-1
2.706000E-1	1.560000E+0	8.800000E-1
2.708000E-1	1.560000E+0	9.000000E-1
2.710000E-1	1.680000E+0	8.800000E-1
2.712000E-1	1.640000E+0	8.800000E-1
2.714000E-1	1.640000E+0	8.800000E-1
2.716000E-1	1.640000E+0	8.600000E-1
2.718000E-1	1.680000E+0	8.600000E-1
2.720000E-1	1.640000E+0	8.600000E-1
2.722000E-1	1.680000E+0	8.800000E-1
2.724000E-1	1.640000E+0	8.800000E-1
2.726000E-1	1.640000E+0	8.400000E-1
2.728000E-1	1.680000E+0	8.600000E-1
2.730000E-1	1.680000E+0	8.600000E-1
2.732000E-1	1.680000E+0	8.600000E-1
2.734000E-1	1.640000E+0	8.600000E-1
2.736000E-1	1.640000E+0	8.400000E-1
2.738000E-1	1.640000E+0	8.600000E-1
2.740000E-1	1.640000E+0	8.400000E-1
2.742000E-1	1.680000E+0	8.400000E-1
2.744000E-1	1.680000E+0	8.400000E-1
2.746000E-1	1.640000E+0	8.400000E-1
2.748000E-1	1.680000E+0	8.400000E-1
2.750000E-1	1.640000E+0	8.400000E-1
2.752000E-1	1.640000E+0	8.400000E-1
2.754000E-1	1.800000E+0	8.200000E-1
2.756000E-1	1.760000E+0	8.400000E-1
2.758000E-1	1.760000E+0	8.200000E-1
2.760000E-1	1.760000E+0	8.200000E-1
2.762000E-1	1.760000E+0	8.200000E-1
2.764000E-1	1.760000E+0	8.200000E-1
2.766000E-1	1.720000E+0	8.200000E-1
2.768000E-1	1.760000E+0	8.200000E-1
2.770000E-1	1.760000E+0	8.000000E-1
2.772000E-1	1.760000E+0	8.000000E-1
2.774000E-1	1.760000E+0	8.000000E-1
2.776000E-1	1.760000E+0	8.200000E-1
2.778000E-1	1.760000E+0	7.800000E-1
2.780000E-1	1.760000E+0	7.800000E-1
2.782000E-1	1.760000E+0	8.000000E-1
2.784000E-1	1.760000E+0	8.200000E-1
2.786000E-1	1.760000E+0	7.800000E-1
2.788000E-1	1.760000E+0	7.800000E-1
2.790000E-1	1.760000E+0	8.000000E-1
2.792000E-1	1.760000E+0	7.800000E-1
2.794000E-1	1.840000E+0	7.800000E-1
2.796000E-1	1.840000E+0	7.800000E-1
2.798000E-1	1.840000E+0	7.800000E-1
2.800000E-1	1.840000E+0	7.800000E-1
2.802000E-1	1.840000E+0	7.600000E-1
2.804000E-1	1.840000E+0	7.600000E-1
2.806000E-1	1.840000E+0	7.600000E-1
2.808000E-1	1.840000E+0	7.600000E-1
2.810000E-1	1.840000E+0	7.800000E-1
2.812000E-1	1.840000E+0	7.600000E-1
2.814000E-1	1.840000E+0	7.600000E-1
2.816000E-1	1.800000E+0	7.600000E-1
2.818000E-1	1.840000E+0	7.600000E-1
2.820000E-1	1.840000E+0	7.600000E-1
2.822000E-1	1.800000E+0	7.600000E-1
2.824000E-1	1.840000E+0	7.600000E-1
2.826000E-1	1.840000E+0	7.600000E-1
2.828000E-1	1.840000E+0	7.600000E-1
2.830000E-1	1.800000E+0	7.600000E-1
2.832000E-1	1.840000E+0	7.400000E-1
2.834000E-1	1.840000E+0	7.400000E-1
2.836000E-1	1.840000E+0	7.400000E-1
2.838000E-1	1.920000E+0	7.400000E-1
2.840000E-1	1.920000E+0	7.400000E-1
2.842000E-1	1.920000E+0	7.400000E-1
2.844000E-1	1.920000E+0	7.400000E-1
2.846000E-1	1.920000E+0	7.200000E-1
2.848000E-1	1.880000E+0	7.200000E-1
2.850000E-1	1.920000E+0	7.400000E-1
2.852000E-1	1.920000E+0	7.200000E-1
2.854000E-1	1.920000E+0	7.000000E-1
2.856000E-1	1.920000E+0	7.200000E-1
2.858000E-1	1.920000E+0	7.200000E-1
2.860000E-1	1.880000E+0	7.000000E-1
2.862000E-1	1.920000E+0	7.000000E-1
2.864000E-1	1.920000E+0	7.000000E-1
2.866000E-1	1.920000E+0	7.000000E-1
2.868000E-1	1.880000E+0	7.000000E-1
2.870000E-1	1.880000E+0	6.800000E-1
2.872000E-1	1.920000E+0	7.000000E-1
2.874000E-1	1.920000E+0	6.800000E-1
2.876000E-1	1.920000E+0	7.000000E-1
2.878000E-1	1.920000E+0	6.800000E-1
2.880000E-1	1.960000E+0	6.800000E-1
2.882000E-1	1.960000E+0	6.800000E-1
2.884000E-1	1.960000E+0	6.800000E-1
2.886000E-1	2.000000E+0	6.800000E-1
2.888000E-1	2.000000E+0	6.800000E-1
2.890000E-1	2.000000E+0	6.600000E-1
2.892000E-1	2.000000E+0	6.600000E-1
2.894000E-1	2.000000E+0	6.800000E-1
2.896000E-1	1.960000E+0	6.600000E-1
2.898000E-1	2.000000E+0	6.600000E-1
2.900000E-1	2.000000E+0	6.600000E-1
2.902000E-1	2.000000E+0	6.600000E-1
2.904000E-1	1.960000E+0	6.400000E-1
2.906000E-1	2.000000E+0	6.400000E-1
2.908000E-1	2.000000E+0	6.400000E-1
2.910000E-1	2.000000E+0	6.400000E-1
2.912000E-1	2.000000E+0	6.400000E-1
2.914000E-1	2.000000E+0	6.400000E-1
2.916000E-1	2.000000E+0	6.200000E-1
2.918000E-1	2.000000E+0	6.200000E-1
2.920000E-1	1.960000E+0	6.200000E-1
2.922000E-1	2.040000E+0	6.200000E-1
2.924000E-1	2.040000E+0	6.200000E-1
2.926000E-1	2.040000E+0	6.200000E-1
2.928000E-1	2.040000E+0	6.000000E-1
2.930000E-1	2.040000E+0	6.200000E-1
2.932000E-1	2.040000E+0	6.200000E-1
2.934000E-1	2.040000E+0	6.000000E-1
2.936000E-1	2.040000E+0	5.800000E-1
2.938000E-1	2.040000E+0	6.000000E-1
2.940000E-1	2.040000E+0	6.000000E-1
2.942000E-1	2.040000E+0	6.000000E-1
2.944000E-1	2.040000E+0	6.000000E-1
2.946000E-1	2.040000E+0	6.000000E-1
2.948000E-1	2.040000E+0	6.000000E-1
2.950000E-1	2.040000E+0	5.800000E-1
2.952000E-1	2.040000E+0	5.800000E-1
2.954000E-1	2.040000E+0	5.800000E-1
2.956000E-1	2.040000E+0	6.000000E-1
2.958000E-1	2.040000E+0	5.600000E-1
2.960000E-1	2.040000E+0	5.800000E-1
2.962000E-1	2.040000E+0	5.800000E-1
2.964000E-1	2.080000E+0	5.600000E-1
2.966000E-1	2.080000E+0	5.600000E-1
2.968000E-1	2.120000E+0	5.800000E-1
2.970000E-1	2.120000E+0	5.600000E-1
2.972000E-1	2.080000E+0	5.600000E-1
2.974000E-1	2.120000E+0	5.400000E-1
2.976000E-1	2.120000E+0	5.400000E-1
2.978000E-1	2.120000E+0	5.400000E-1
2.980000E-1	2.080000E+0	5.400000E-1
2.982000E-1	2.080000E+0	5.400000E-1
2.984000E-1	2.080000E+0	5.400000E-1
2.986000E-1	2.080000E+0	5.400000E-1
2.988000E-1	2.120000E+0	5.400000E-1
2.990000E-1	2.120000E+0	5.400000E-1
2.992000E-1	2.080000E+0	5.400000E-1
2.994000E-1	2.120000E+0	5.400000E-1
2.996000E-1	2.080000E+0	5.200000E-1
2.998000E-1	2.120000E+0	5.200000E-1
3.000000E-1	2.080000E+0	5.200000E-1
3.002000E-1	2.080000E+0	5.200000E-1
3.004000E-1	2.080000E+0	5.000000E-1
3.006000E-1	2.120000E+0	5.000000E-1
3.008000E-1	2.120000E+0	5.000000E-1
3.010000E-1	2.120000E+0	5.200000E-1
3.012000E-1	2.120000E+0	5.000000E-1
3.014000E-1	2.120000E+0	4.800000E-1
3.016000E-1	2.160000E+0	5.000000E-1
3.018000E-1	2.160000E+0	5.000000E-1
3.020000E-1	2.120000E+0	4.800000E-1
3.022000E-1	2.120000E+0	5.000000E-1
3.024000E-1	2.120000E+0	4.800000E-1
3.026000E-1	2.160000E+0	4.800000E-1
3.028000E-1	2.120000E+0	4.800000E-1
3.030000E-1	2.160000E+0	4.800000E-1
3.032000E-1	2.120000E+0	4.800000E-1
3.034000E-1	2.160000E+0	4.600000E-1
3.036000E-1	2.120000E+0	4.800000E-1
3.038000E-1	2.120000E+0	4.600000E-1
3.040000E-1	2.120000E+0	4.800000E-1
3.042000E-1	2.120000E+0	4.600000E-1
3.044000E-1	2.160000E+0	4.600000E-1
3.046000E-1	2.120000E+0	4.600000E-1
3.048000E-1	2.120000E+0	4.600000E-1
3.050000E-1	2.200000E+0	4.400000E-1
3.052000E-1	2.160000E+0	4.600000E-1
3.054000E-1	2.160000E+0	4.600000E-1
3.056000E-1	2.160000E+0	4.400000E-1
3.058000E-1	2.200000E+0	4.600000E-1
3.060000E-1	2.160000E+0	4.200000E-1
3.062000E-1	2.160000E+0	4.400000E-1
3.064000E-1	2.160000E+0	4.200000E-1
3.066000E-1	2.200000E+0	4.400000E-1
3.068000E-1	2.160000E+0	4.200000E-1
3.070000E-1	2.160000E+0	4.000000E-1
3.072000E-1	2.160000E+0	4.200000E-1
3.074000E-1	2.160000E+0	4.200000E-1
3.076000E-1	2.160000E+0	4.200000E-1
3.078000E-1	2.200000E+0	4.000000E-1
3.080000E-1	2.160000E+0	4.200000E-1
3.082000E-1	2.160000E+0	4.200000E-1
3.084000E-1	2.160000E+0	4.000000E-1
3.086000E-1	2.160000E+0	3.800000E-1
3.088000E-1	2.200000E+0	3.800000E-1
3.090000E-1	2.160000E+0	3.800000E-1
3.092000E-1	2.200000E+0	4.000000E-1
3.094000E-1	2.160000E+0	4.000000E-1
3.096000E-1	2.200000E+0	3.800000E-1
3.098000E-1	2.200000E+0	3.800000E-1
3.100000E-1	2.200000E+0	4.000000E-1
3.102000E-1	2.240000E+0	3.600000E-1
3.104000E-1	2.200000E+0	3.800000E-1
3.106000E-1	2.200000E+0	3.800000E-1
3.108000E-1	2.200000E+0	3.600000E-1
3.110000E-1	2.240000E+0	3.800000E-1
3.112000E-1	2.240000E+0	3.800000E-1
3.114000E-1	2.240000E+0	3.600000E-1
3.116000E-1	2.200000E+0	3.600000E-1
3.118000E-1	2.200000E+0	3.800000E-1
3.120000E-1	2.200000E+0	3.600000E-1
3.122000E-1	2.200000E+0	3.600000E-1
3.124000E-1	2.200000E+0	3.400000E-1
3.126000E-1	2.240000E+0	3.200000E-1
3.128000E-1	2.200000E+0	3.400000E-1
3.130000E-1	2.200000E+0	3.400000E-1
3.132000E-1	2.200000E+0	3.200000E-1
3.134000E-1	2.240000E+0	3.400000E-1
3.136000E-1	2.240000E+0	3.200000E-1
3.138000E-1	2.240000E+0	3.200000E-1
3.140000E-1	2.240000E+0	3.200000E-1
3.142000E-1	2.240000E+0	3.200000E-1
3.144000E-1	2.240000E+0	3.400000E-1
3.146000E-1	2.240000E+0	3.200000E-1
3.148000E-1	2.240000E+0	3.200000E-1
3.150000E-1	2.240000E+0	3.000000E-1
3.152000E-1	2.240000E+0	3.200000E-1
3.154000E-1	2.240000E+0	3.200000E-1
3.156000E-1	2.240000E+0	3.000000E-1
3.158000E-1	2.240000E+0	2.800000E-1
3.160000E-1	2.240000E+0	2.800000E-1
3.162000E-1	2.240000E+0	2.800000E-1
3.164000E-1	2.240000E+0	3.000000E-1
3.166000E-1	2.200000E+0	3.000000E-1
3.168000E-1	2.240000E+0	2.800000E-1
3.170000E-1	2.240000E+0	2.800000E-1
3.172000E-1	2.240000E+0	3.000000E-1
3.174000E-1	2.240000E+0	2.800000E-1
3.176000E-1	2.240000E+0	2.800000E-1
3.178000E-1	2.240000E+0	2.800000E-1
3.180000E-1	2.240000E+0	2.600000E-1
3.182000E-1	2.240000E+0	2.600000E-1
3.184000E-1	2.240000E+0	2.600000E-1
3.186000E-1	2.240000E+0	2.600000E-1
3.188000E-1	2.240000E+0	2.400000E-1
3.190000E-1	2.240000E+0	2.600000E-1
3.192000E-1	2.240000E+0	2.400000E-1
3.194000E-1	2.240000E+0	2.800000E-1
3.196000E-1	2.280000E+0	2.400000E-1
3.198000E-1	2.240000E+0	2.400000E-1
3.200000E-1	2.240000E+0	2.200000E-1
3.202000E-1	2.240000E+0	2.400000E-1
3.204000E-1	2.240000E+0	2.200000E-1
3.206000E-1	2.240000E+0	2.200000E-1
3.208000E-1	2.240000E+0	2.200000E-1
3.210000E-1	2.240000E+0	2.200000E-1
3.212000E-1	2.240000E+0	2.200000E-1
3.214000E-1	2.240000E+0	2.200000E-1
3.216000E-1	2.280000E+0	2.200000E-1
3.218000E-1	2.280000E+0	2.200000E-1
3.220000E-1	2.240000E+0	2.200000E-1
3.222000E-1	2.280000E+0	2.000000E-1
3.224000E-1	2.240000E+0	2.000000E-1
3.226000E-1	2.280000E+0	2.000000E-1
3.228000E-1	2.240000E+0	2.000000E-1
3.230000E-1	2.280000E+0	2.000000E-1
3.232000E-1	2.280000E+0	1.800000E-1
3.234000E-1	2.240000E+0	1.800000E-1
3.236000E-1	2.240000E+0	1.800000E-1
3.238000E-1	2.280000E+0	1.800000E-1
3.240000E-1	2.240000E+0	1.800000E-1
3.242000E-1	2.240000E+0	1.800000E-1
3.244000E-1	2.240000E+0	1.800000E-1
3.246000E-1	2.280000E+0	1.800000E-1
3.248000E-1	2.240000E+0	1.600000E-1
3.250000E-1	2.280000E+0	1.600000E-1
3.252000E-1	2.240000E+0	1.600000E-1
3.254000E-1	2.240000E+0	1.600000E-1
3.256000E-1	2.240000E+0	1.800000E-1
3.258000E-1	2.240000E+0	1.600000E-1
3.260000E-1	2.280000E+0	1.600000E-1
3.262000E-1	2.240000E+0	1.400000E-1
3.264000E-1	2.240000E+0	1.600000E-1
3.266000E-1	2.240000E+0	1.400000E-1
3.268000E-1	2.240000E+0	1.400000E-1
3.270000E-1	2.280000E+0	1.400000E-1
3.272000E-1	2.240000E+0	1.600000E-1
3.274000E-1	2.240000E+0	1.400000E-1
3.276000E-1	2.240000E+0	1.600000E-1
3.278000E-1	2.240000E+0	1.400000E-1
3.280000E-1	2.280000E+0	1.200000E-1
3.282000E-1	2.240000E+0	1.400000E-1
3.284000E-1	2.240000E+0	1.200000E-1
3.286000E-1	2.240000E+0	1.200000E-1
3.288000E-1	2.240000E+0	1.200000E-1
3.290000E-1	2.240000E+0	1.200000E-1
3.292000E-1	2.240000E+0	1.200000E-1
3.294000E-1	2.240000E+0	1.200000E-1
3.296000E-1	2.240000E+0	1.200000E-1
3.298000E-1	2.240000E+0	1.200000E-1
3.300000E-1	2.240000E+0	1.000000E-1
3.302000E-1	2.280000E+0	1.200000E-1
3.304000E-1	2.240000E+0	1.200000E-1
3.306000E-1	2.240000E+0	1.000000E-1
3.308000E-1	2.240000E+0	1.200000E-1
3.310000E-1	2.240000E+0	1.000000E-1
3.312000E-1	2.240000E+0	1.200000E-1
3.314000E-1	2.240000E+0	1.200000E-1
3.316000E-1	2.240000E+0	1.000000E-1
3.318000E-1	2.240000E+0	8.000000E-2
3.320000E-1	2.200000E+0	1.000000E-1
3.322000E-1	2.240000E+0	8.000000E-2
3.324000E-1	2.240000E+0	1.000000E-1
3.326000E-1	2.240000E+0	8.000000E-2
3.328000E-1	2.240000E+0	8.000000E-2
3.330000E-1	2.240000E+0	6.000000E-2
3.332000E-1	2.240000E+0	6.000000E-2
3.334000E-1	2.240000E+0	6.000000E-2
3.336000E-1	2.240000E+0	6.000000E-2
3.338000E-1	2.240000E+0	6.000000E-2
3.340000E-1	2.240000E+0	6.000000E-2
3.342000E-1	2.240000E+0	6.000000E-2
3.344000E-1	2.240000E+0	6.000000E-2
3.346000E-1	2.200000E+0	4.000000E-2
3.348000E-1	2.240000E+0	6.000000E-2
3.350000E-1	2.240000E+0	4.000000E-2
3.352000E-1	2.240000E+0	4.000000E-2
3.354000E-1	2.200000E+0	4.000000E-2
3.356000E-1	2.240000E+0	4.000000E-2
3.358000E-1	2.240000E+0	2.000000E-2
3.360000E-1	2.240000E+0	4.000000E-2
3.362000E-1	2.240000E+0	2.000000E-2
3.364000E-1	2.200000E+0	2.000000E-2
3.366000E-1	2.240000E+0	2.000000E-2
3.368000E-1	2.240000E+0	2.000000E-2
3.370000E-1	2.200000E+0	2.000000E-2
3.372000E-1	2.200000E+0	2.000000E-2
3.374000E-1	2.240000E+0	2.000000E-2
3.376000E-1	2.240000E+0	2.000000E-2
3.378000E-1	2.200000E+0	2.000000E-2
3.380000E-1	2.200000E+0	-2.000000E-2
3.382000E-1	2.240000E+0	0.000000E+0
3.384000E-1	2.200000E+0	2.000000E-2
3.386000E-1	2.240000E+0	0.000000E+0
3.388000E-1	2.240000E+0	-2.000000E-2
3.390000E-1	2.200000E+0	-2.000000E-2
3.392000E-1	2.200000E+0	0.000000E+0
3.394000E-1	2.200000E+0	-2.000000E-2
3.396000E-1	2.200000E+0	-4.000000E-2
3.398000E-1	2.200000E+0	-2.000000E-2
3.400000E-1	2.200000E+0	-4.000000E-2
3.402000E-1	2.200000E+0	-4.000000E-2
3.404000E-1	2.200000E+0	-4.000000E-2
3.406000E-1	2.160000E+0	-4.000000E-2
3.408000E-1	2.160000E+0	-4.000000E-2
3.410000E-1	2.200000E+0	-4.000000E-2
3.412000E-1	2.200000E+0	-6.000000E-2
3.414000E-1	2.200000E+0	-6.000000E-2
3.416000E-1	2.200000E+0	-8.000000E-2
3.418000E-1	2.200000E+0	-6.000000E-2
3.420000E-1	2.200000E+0	-8.000000E-2
3.422000E-1	2.200000E+0	-8.000000E-2
3.424000E-1	2.200000E+0	-6.000000E-2
3.426000E-1	2.200000E+0	-8.000000E-2
3.428000E-1	2.200000E+0	-8.000000E-2
3.430000E-1	2.200000E+0	-8.000000E-2
3.432000E-1	2.160000E+0	-8.000000E-2
3.434000E-1	2.120000E+0	-8.000000E-2
3.436000E-1	2.160000E+0	-1.000000E-1
3.438000E-1	2.160000E+0	-1.000000E-1
3.440000E-1	2.160000E+0	-8.000000E-2
3.442000E-1	2.160000E+0	-1.000000E-1
3.444000E-1	2.160000E+0	-1.000000E-1
3.446000E-1	2.160000E+0	-1.000000E-1
3.448000E-1	2.160000E+0	-1.000000E-1
3.450000E-1	2.120000E+0	-1.200000E-1
3.452000E-1	2.160000E+0	-1.200000E-1
3.454000E-1	2.160000E+0	-1.000000E-1
3.456000E-1	2.160000E+0	-1.200000E-1
3.458000E-1	2.160000E+0	-1.200000E-1
3.460000E-1	2.160000E+0	-1.200000E-1
3.462000E-1	2.120000E+0	-1.400000E-1
3.464000E-1	2.160000E+0	-1.400000E-1
3.466000E-1	2.160000E+0	-1.600000E-1
3.468000E-1	2.160000E+0	-1.400000E-1
3.470000E-1	2.160000E+0	-1.600000E-1
3.472000E-1	2.160000E+0	-1.600000E-1
3.474000E-1	2.080000E+0	-1.600000E-1
3.476000E-1	2.120000E+0	-1.600000E-1
3.478000E-1	2.120000E+0	-1.600000E-1
3.480000E-1	2.120000E+0	-1.600000E-1
3.482000E-1	2.120000E+0	-1.800000E-1
3.484000E-1	2.120000E+0	-1.800000E-1
3.486000E-1	2.120000E+0	-1.800000E-1
3.488000E-1	2.120000E+0	-1.800000E-1
3.490000E-1	2.120000E+0	-1.800000E-1
3.492000E-1	2.120000E+0	-1.800000E-1
3.494000E-1	2.120000E+0	-2.000000E-1
3.496000E-1	2.120000E+0	-1.800000E-1
3.498000E-1	2.120000E+0	-2.200000E-1
3.500000E-1	2.120000E+0	-2.000000E-1
3.502000E-1	2.120000E+0	-2.000000E-1
3.504000E-1	2.120000E+0	-2.000000E-1
3.506000E-1	2.120000E+0	-2.000000E-1
3.508000E-1	2.120000E+0	-2.000000E-1
3.510000E-1	2.120000E+0	-2.200000E-1
3.512000E-1	2.120000E+0	-2.200000E-1
3.514000E-1	2.120000E+0	-2.200000E-1
3.516000E-1	2.080000E+0	-2.400000E-1
3.518000E-1	2.040000E+0	-2.400000E-1
3.520000E-1	2.080000E+0	-2.400000E-1
3.522000E-1	2.040000E+0	-2.200000E-1
3.524000E-1	2.040000E+0	-2.400000E-1
3.526000E-1	2.040000E+0	-2.600000E-1
3.528000E-1	2.040000E+0	-2.400000E-1
3.530000E-1	2.040000E+0	-2.400000E-1
3.532000E-1	2.040000E+0	-2.400000E-1
3.534000E-1	2.040000E+0	-2.400000E-1
3.536000E-1	2.080000E+0	-2.600000E-1
3.538000E-1	2.080000E+0	-2.400000E-1
3.540000E-1	2.080000E+0	-2.600000E-1
3.542000E-1	2.080000E+0	-2.600000E-1
3.544000E-1	2.080000E+0	-2.800000E-1
3.546000E-1	2.080000E+0	-2.600000E-1
3.548000E-1	2.040000E+0	-2.800000E-1
3.550000E-1	2.040000E+0	-2.800000E-1
3.552000E-1	2.080000E+0	-2.800000E-1
3.554000E-1	2.080000E+0	-3.000000E-1
3.556000E-1	2.040000E+0	-2.800000E-1
3.558000E-1	2.000000E+0	-2.800000E-1
3.560000E-1	2.000000E+0	-3.000000E-1
3.562000E-1	2.000000E+0	-3.000000E-1
3.564000E-1	1.960000E+0	-3.000000E-1
3.566000E-1	2.000000E+0	-3.000000E-1
3.568000E-1	2.000000E+0	-3.000000E-1
3.570000E-1	2.000000E+0	-3.000000E-1
3.572000E-1	2.000000E+0	-3.200000E-1
3.574000E-1	2.000000E+0	-3.000000E-1
3.576000E-1	2.000000E+0	-3.200000E-1
3.578000E-1	2.000000E+0	-3.200000E-1
3.580000E-1	2.000000E+0	-3.200000E-1
3.582000E-1	2.000000E+0	-3.200000E-1
3.584000E-1	2.000000E+0	-3.400000E-1
3.586000E-1	2.000000E+0	-3.200000E-1
3.588000E-1	2.000000E+0	-3.200000E-1
3.590000E-1	2.000000E+0	-3.400000E-1
3.592000E-1	1.960000E+0	-3.600000E-1
3.594000E-1	2.000000E+0	-3.400000E-1
3.596000E-1	2.000000E+0	-3.600000E-1
3.598000E-1	1.960000E+0	-3.400000E-1
3.600000E-1	1.920000E+0	-3.600000E-1
3.602000E-1	1.920000E+0	-3.600000E-1
3.604000E-1	1.960000E+0	-3.600000E-1
3.606000E-1	1.920000E+0	-3.800000E-1
3.608000E-1	1.920000E+0	-3.600000E-1
3.610000E-1	1.960000E+0	-3.600000E-1
3.612000E-1	1.920000E+0	-3.600000E-1
3.614000E-1	1.920000E+0	-4.000000E-1
3.616000E-1	1.920000E+0	-3.800000E-1
3.618000E-1	1.920000E+0	-3.800000E-1
3.620000E-1	1.920000E+0	-3.800000E-1
3.622000E-1	1.920000E+0	-4.000000E-1
3.624000E-1	1.960000E+0	-4.000000E-1
3.626000E-1	1.920000E+0	-4.000000E-1
3.628000E-1	1.920000E+0	-4.000000E-1
3.630000E-1	1.960000E+0	-4.000000E-1
3.632000E-1	1.920000E+0	-4.000000E-1
3.634000E-1	1.920000E+0	-4.000000E-1
3.636000E-1	1.920000E+0	-4.200000E-1
3.638000E-1	1.920000E+0	-4.000000E-1
3.640000E-1	1.920000E+0	-4.000000E-1
3.642000E-1	1.840000E+0	-4.200000E-1
3.644000E-1	1.840000E+0	-4.000000E-1
3.646000E-1	1.840000E+0	-4.200000E-1
3.648000E-1	1.880000E+0	-4.200000E-1
3.650000E-1	1.840000E+0	-4.400000E-1
3.652000E-1	1.840000E+0	-4.200000E-1
3.654000E-1	1.880000E+0	-4.400000E-1
3.656000E-1	1.880000E+0	-4.200000E-1
3.658000E-1	1.880000E+0	-4.400000E-1
3.660000E-1	1.840000E+0	-4.400000E-1
3.662000E-1	1.840000E+0	-4.400000E-1
3.664000E-1	1.840000E+0	-4.400000E-1
3.666000E-1	1.840000E+0	-4.600000E-1
3.668000E-1	1.840000E+0	-4.400000E-1
3.670000E-1	1.840000E+0	-4.600000E-1
3.672000E-1	1.840000E+0	-4.600000E-1
3.674000E-1	1.840000E+0	-4.600000E-1
3.676000E-1	1.840000E+0	-4.600000E-1
3.678000E-1	1.880000E+0	-4.600000E-1
3.680000E-1	1.880000E+0	-4.600000E-1
3.682000E-1	1.840000E+0	-4.600000E-1
3.684000E-1	1.800000E+0	-4.800000E-1
3.686000E-1	1.760000E+0	-4.800000E-1
3.688000E-1	1.760000E+0	-4.600000E-1
3.690000E-1	1.760000E+0	-4.800000E-1
3.692000E-1	1.800000E+0	-5.000000E-1
3.694000E-1	1.800000E+0	-4.800000E-1
3.696000E-1	1.800000E+0	-5.000000E-1
3.698000E-1	1.760000E+0	-5.000000E-1
3.700000E-1	1.800000E+0	-5.000000E-1
3.702000E-1	1.800000E+0	-5.000000E-1
3.704000E-1	1.760000E+0	-5.000000E-1
3.706000E-1	1.760000E+0	-5.000000E-1
3.708000E-1	1.760000E+0	-5.000000E-1
3.710000E-1	1.800000E+0	-5.000000E-1
3.712000E-1	1.800000E+0	-5.200000E-1
3.714000E-1	1.760000E+0	-5.000000E-1
3.716000E-1	1.760000E+0	-5.000000E-1
3.718000E-1	1.800000E+0	-5.000000E-1
3.720000E-1	1.760000E+0	-5.200000E-1
3.722000E-1	1.800000E+0	-5.400000E-1
3.724000E-1	1.800000E+0	-5.400000E-1
3.726000E-1	1.720000E+0	-5.200000E-1
3.728000E-1	1.680000E+0	-5.200000E-1
3.730000E-1	1.680000E+0	-5.200000E-1
3.732000E-1	1.680000E+0	-5.400000E-1
3.734000E-1	1.720000E+0	-5.400000E-1
3.736000E-1	1.680000E+0	-5.400000E-1
3.738000E-1	1.720000E+0	-5.400000E-1
3.740000E-1	1.680000E+0	-5.400000E-1
3.742000E-1	1.680000E+0	-5.600000E-1
3.744000E-1	1.680000E+0	-5.400000E-1
3.746000E-1	1.680000E+0	-5.600000E-1
3.748000E-1	1.680000E+0	-5.600000E-1
3.750000E-1	1.720000E+0	-5.400000E-1
3.752000E-1	1.680000E+0	-5.600000E-1
3.754000E-1	1.720000E+0	-5.600000E-1
3.756000E-1	1.680000E+0	-5.800000E-1
3.758000E-1	1.680000E+0	-5.600000E-1
3.760000E-1	1.680000E+0	-5.800000E-1
3.762000E-1	1.680000E+0	-5.800000E-1
3.764000E-1	1.720000E+0	-5.800000E-1
3.766000E-1	1.680000E+0	-5.600000E-1
3.768000E-1	1.600000E+0	-5.800000E-1
3.770000E-1	1.600000E+0	-6.000000E-1
3.772000E-1	1.600000E+0	-6.000000E-1
3.774000E-1	1.600000E+0	-6.000000E-1
3.776000E-1	1.600000E+0	-5.800000E-1
3.778000E-1	1.560000E+0	-6.000000E-1
3.780000E-1	1.600000E+0	-6.000000E-1
3.782000E-1	1.600000E+0	-6.000000E-1
3.784000E-1	1.600000E+0	-6.000000E-1
3.786000E-1	1.560000E+0	-6.200000E-1
3.788000E-1	1.600000E+0	-6.000000E-1
3.790000E-1	1.600000E+0	-6.200000E-1
3.792000E-1	1.600000E+0	-6.200000E-1
3.794000E-1	1.600000E+0	-6.200000E-1
3.796000E-1	1.600000E+0	-6.200000E-1
3.798000E-1	1.600000E+0	-6.200000E-1
3.800000E-1	1.600000E+0	-6.200000E-1
3.802000E-1	1.600000E+0	-6.200000E-1
3.804000E-1	1.600000E+0	-6.400000E-1
3.806000E-1	1.600000E+0	-6.200000E-1
3.808000E-1	1.600000E+0	-6.400000E-1
3.810000E-1	1.520000E+0	-6.400000E-1
3.812000E-1	1.480000E+0	-6.400000E-1
3.814000E-1	1.480000E+0	-6.400000E-1
3.816000E-1	1.440000E+0	-6.200000E-1
3.818000E-1	1.480000E+0	-6.400000E-1
3.820000E-1	1.480000E+0	-6.200000E-1
3.822000E-1	1.480000E+0	-6.400000E-1
3.824000E-1	1.480000E+0	-6.400000E-1
3.826000E-1	1.480000E+0	-6.400000E-1
3.828000E-1	1.480000E+0	-6.400000E-1
3.830000E-1	1.480000E+0	-6.600000E-1
3.832000E-1	1.520000E+0	-6.600000E-1
3.834000E-1	1.480000E+0	-6.600000E-1
3.836000E-1	1.480000E+0	-6.600000E-1
3.838000E-1	1.480000E+0	-6.400000E-1
3.840000E-1	1.480000E+0	-6.800000E-1
3.842000E-1	1.480000E+0	-6.800000E-1
3.844000E-1	1.480000E+0	-6.600000E-1
3.846000E-1	1.480000E+0	-6.600000E-1
3.848000E-1	1.480000E+0	-7.000000E-1
3.850000E-1	1.520000E+0	-6.600000E-1
3.852000E-1	1.400000E+0	-6.800000E-1
3.854000E-1	1.400000E+0	-6.800000E-1
3.856000E-1	1.400000E+0	-6.800000E-1
3.858000E-1	1.400000E+0	-6.800000E-1
3.860000E-1	1.400000E+0	-6.800000E-1
3.862000E-1	1.360000E+0	-7.000000E-1
3.864000E-1	1.400000E+0	-6.800000E-1
3.866000E-1	1.360000E+0	-6.800000E-1
3.868000E-1	1.360000E+0	-7.000000E-1
3.870000E-1	1.400000E+0	-7.000000E-1
3.872000E-1	1.360000E+0	-7.000000E-1
3.874000E-1	1.360000E+0	-7.000000E-1
3.876000E-1	1.400000E+0	-7.200000E-1
3.878000E-1	1.400000E+0	-7.200000E-1
3.880000E-1	1.400000E+0	-7.000000E-1
3.882000E-1	1.400000E+0	-7.200000E-1
3.884000E-1	1.360000E+0	-7.200000E-1
3.886000E-1	1.360000E+0	-7.200000E-1
3.888000E-1	1.360000E+0	-7.200000E-1
3.890000E-1	1.400000E+0	-7.200000E-1
3.892000E-1	1.400000E+0	-7.200000E-1
3.894000E-1	1.280000E+0	-7.200000E-1
3.896000E-1	1.280000E+0	-7.200000E-1
3.898000E-1	1.280000E+0	-7.400000E-1
3.900000E-1	1.280000E+0	-7.200000E-1
3.902000E-1	1.280000E+0	-7.400000E-1
3.904000E-1	1.280000E+0	-7.400000E-1
3.906000E-1	1.280000E+0	-7.400000E-1
3.908000E-1	1.280000E+0	-7.400000E-1
3.910000E-1	1.280000E+0	-7.400000E-1
3.912000E-1	1.280000E+0	-7.400000E-1
3.914000E-1	1.280000E+0	-7.600000E-1
3.916000E-1	1.280000E+0	-7.600000E-1
3.918000E-1	1.280000E+0	-7.600000E-1
3.920000E-1	1.280000E+0	-7.600000E-1
3.922000E-1	1.280000E+0	-7.600000E-1
3.924000E-1	1.280000E+0	-7.800000E-1
3.926000E-1	1.280000E+0	-7.800000E-1
3.928000E-1	1.280000E+0	-7.800000E-1
3.930000E-1	1.240000E+0	-7.800000E-1
3.932000E-1	1.280000E+0	-7.800000E-1
3.934000E-1	1.280000E+0	-7.800000E-1
3.936000E-1	1.120000E+0	-7.800000E-1
3.938000E-1	1.160000E+0	-7.600000E-1
3.940000E-1	1.160000E+0	-7.800000E-1
3.942000E-1	1.120000E+0	-8.000000E-1
3.944000E-1	1.160000E+0	-7.800000E-1
3.946000E-1	1.160000E+0	-7.800000E-1
3.948000E-1	1.120000E+0	-7.800000E-1
3.950000E-1	1.160000E+0	-8.000000E-1
3.952000E-1	1.120000E+0	-7.800000E-1
3.954000E-1	1.160000E+0	-8.000000E-1
3.956000E-1	1.120000E+0	-8.000000E-1
3.958000E-1	1.160000E+0	-8.000000E-1
3.960000E-1	1.160000E+0	-8.200000E-1
3.962000E-1	1.160000E+0	-8.000000E-1
3.964000E-1	1.160000E+0	-8.200000E-1
3.966000E-1	1.120000E+0	-8.200000E-1
3.968000E-1	1.120000E+0	-8.000000E-1
3.970000E-1	1.160000E+0	-8.200000E-1
3.972000E-1	1.160000E+0	-8.000000E-1
3.974000E-1	1.120000E+0	-8.200000E-1
3.976000E-1	1.120000E+0	-8.200000E-1
3.978000E-1	1.000000E+0	-8.400000E-1
3.980000E-1	1.000000E+0	-8.200000E-1
3.982000E-1	1.040000E+0	-8.400000E-1
3.984000E-1	1.000000E+0	-8.200000E-1
3.986000E-1	1.000000E+0	-8.200000E-1
3.988000E-1	1.000000E+0	-8.200000E-1
3.990000E-1	1.000000E+0	-8.200000E-1
3.992000E-1	1.000000E+0	-8.200000E-1
3.994000E-1	1.000000E+0	-8.400000E-1
3.996000E-1	1.040000E+0	-8.200000E-1
3.998000E-1	1.000000E+0	-8.400000E-1
4.000000E-1	1.000000E+0	-8.400000E-1
4.002000E-1	1.000000E+0	-8.400000E-1
4.004000E-1	1.040000E+0	-8.400000E-1
4.006000E-1	1.000000E+0	-8.400000E-1
4.008000E-1	1.000000E+0	-8.400000E-1
4.010000E-1	1.000000E+0	-8.400000E-1
4.012000E-1	1.000000E+0	-8.600000E-1
4.014000E-1	1.040000E+0	-8.600000E-1
4.016000E-1	1.000000E+0	-8.600000E-1
4.018000E-1	8.800000E-1	-8.400000E-1
4.020000E-1	8.800000E-1	-8.400000E-1
4.022000E-1	8.800000E-1	-8.600000E-1
4.024000E-1	8.800000E-1	-8.400000E-1
4.026000E-1	8.800000E-1	-8.600000E-1
4.028000E-1	8.800000E-1	-8.600000E-1
4.030000E-1	8.800000E-1	-8.600000E-1
4.032000E-1	8.800000E-1	-8.800000E-1
4.034000E-1	8.800000E-1	-8.600000E-1
4.036000E-1	8.800000E-1	-8.800000E-1
4.038000E-1	8.800000E-1	-8.800000E-1
4.040000E-1	8.800000E-1	-8.800000E-1
4.042000E-1	8.800000E-1	-8.800000E-1
4.044000E-1	8.800000E-1	-8.600000E-1
4.046000E-1	8.400000E-1	-8.800000E-1
4.048000E-1	8.800000E-1	-8.800000E-1
4.050000E-1	8.800000E-1	-8.800000E-1
4.052000E-1	8.800000E-1	-8.800000E-1
4.054000E-1	8.800000E-1	-8.800000E-1
4.056000E-1	8.800000E-1	-8.800000E-1
4.058000E-1	8.800000E-1	-8.800000E-1
4.060000E-1	7.600000E-1	-9.000000E-1
4.062000E-1	7.600000E-1	-8.800000E-1
4.064000E-1	7.200000E-1	-8.800000E-1
4.066000E-1	7.600000E-1	-8.800000E-1
4.068000E-1	7.600000E-1	-9.000000E-1
4.070000E-1	7.600000E-1	-9.000000E-1
4.072000E-1	7.600000E-1	-9.200000E-1
4.074000E-1	7.200000E-1	-9.000000E-1
4.076000E-1	7.600000E-1	-9.000000E-1
4.078000E-1	7.600000E-1	-9.200000E-1
4.080000E-1	7.600000E-1	-9.200000E-1
4.082000E-1	7.600000E-1	-9.200000E-1
4.084000E-1	7.600000E-1	-9.000000E-1
4.086000E-1	7.600000E-1	-9.000000E-1
4.088000E-1	7.600000E-1	-9.200000E-1
4.090000E-1	7.600000E-1	-9.000000E-1
4.092000E-1	7.600000E-1	-9.200000E-1
4.094000E-1	7.600000E-1	-9.400000E-1
4.096000E-1	7.600000E-1	-9.400000E-1
4.098000E-1	7.600000E-1	-9.400000E-1
4.100000E-1	6.400000E-1	-9.200000E-1
4.102000E-1	6.000000E-1	-9.400000E-1
4.104000E-1	6.400000E-1	-9.400000E-1
4.106000E-1	6.000000E-1	-9.200000E-1
4.108000E-1	6.000000E-1	-9.400000E-1
4.110000E-1	6.000000E-1	-9.200000E-1
4.112000E-1	6.000000E-1	-9.400000E-1
4.114000E-1	6.400000E-1	-9.400000E-1
4.116000E-1	6.000000E-1	-9.400000E-1
4.118000E-1	6.000000E-1	-9.400000E-1
4.120000E-1	6.000000E-1	-9.400000E-1
4.122000E-1	6.400000E-1	-9.400000E-1
4.124000E-1	6.000000E-1	-9.400000E-1
4.126000E-1	6.400000E-1	-9.400000E-1
4.128000E-1	6.000000E-1	-9.400000E-1
4.130000E-1	6.400000E-1	-9.200000E-1
4.132000E-1	6.000000E-1	-9.400000E-1
4.134000E-1	6.000000E-1	-9.400000E-1
4.136000E-1	6.000000E-1	-9.400000E-1
4.138000E-1	6.000000E-1	-9.600000E-1
4.140000E-1	6.000000E-1	-9.600000E-1
4.142000E-1	4.800000E-1	-9.600000E-1
4.144000E-1	4.800000E-1	-9.400000E-1
4.146000E-1	4.800000E-1	-9.600000E-1
4.148000E-1	4.800000E-1	-9.600000E-1
4.150000E-1	4.400000E-1	-9.400000E-1
4.152000E-1	4.800000E-1	-9.600000E-1
4.154000E-1	4.400000E-1	-9.600000E-1
4.156000E-1	4.800000E-1	-9.600000E-1
4.158000E-1	4.800000E-1	-9.400000E-1
4.160000E-1	4.400000E-1	-9.800000E-1
4.162000E-1	4.800000E-1	-9.600000E-1
4.164000E-1	4.800000E-1	-9.800000E-1
4.166000E-1	4.800000E-1	-9.600000E-1
4.168000E-1	4.400000E-1	-9.600000E-1
4.170000E-1	4.400000E-1	-9.600000E-1
4.172000E-1	4.800000E-1	-9.800000E-1
4.174000E-1	4.800000E-1	-9.800000E-1
4.176000E-1	4.800000E-1	-9.800000E-1
4.178000E-1	4.800000E-1	-9.800000E-1
4.180000E-1	4.800000E-1	-9.800000E-1
4.182000E-1	3.600000E-1	-9.800000E-1
4.184000E-1	3.200000E-1	-9.800000E-1
4.186000E-1	3.600000E-1	-9.800000E-1
4.188000E-1	3.200000E-1	-9.800000E-1
4.190000E-1	3.200000E-1	-9.800000E-1
4.192000E-1	3.200000E-1	-9.800000E-1
4.194000E-1	3.200000E-1	-9.800000E-1
4.196000E-1	3.200000E-1	-9.800000E-1
4.198000E-1	3.200000E-1	-9.800000E-1
4.200000E-1	3.600000E-1	-9.800000E-1
4.202000E-1	3.200000E-1	-9.800000E-1
4.204000E-1	3.600000E-1	-9.800000E-1
4.206000E-1	3.200000E-1	-9.800000E-1
4.208000E-1	3.200000E-1	-9.800000E-1
4.210000E-1	3.200000E-1	-1.000000E+0
4.212000E-1	3.200000E-1	-9.800000E-1
4.214000E-1	3.200000E-1	-1.000000E+0
4.216000E-1	3.200000E-1	-1.000000E+0
4.218000E-1	3.600000E-1	-1.000000E+0
4.220000E-1	3.200000E-1	-1.000000E+0
4.222000E-1	3.200000E-1	-1.000000E+0
4.224000E-1	2.000000E-1	-1.000000E+0
4.226000E-1	1.600000E-1	-1.000000E+0
4.228000E-1	1.600000E-1	-1.000000E+0
4.230000E-1	1.600000E-1	-1.000000E+0
4.232000E-1	2.000000E-1	-9.800000E-1
4.234000E-1	1.600000E-1	-9.800000E-1
4.236000E-1	2.000000E-1	-1.000000E+0
4.238000E-1	1.600000E-1	-1.000000E+0
4.240000E-1	2.000000E-1	-9.800000E-1
4.242000E-1	2.000000E-1	-1.000000E+0
4.244000E-1	2.000000E-1	-1.000000E+0
4.246000E-1	2.000000E-1	-1.000000E+0
4.248000E-1	2.000000E-1	-1.000000E+0
4.250000E-1	1.600000E-1	-1.000000E+0
4.252000E-1	1.600000E-1	-1.000000E+0
4.254000E-1	1.600000E-1	-1.000000E+0
4.256000E-1	1.600000E-1	-1.000000E+0
4.258000E-1	2.000000E-1	-1.000000E+0
4.260000E-1	1.600000E-1	-1.000000E+0
4.262000E-1	2.000000E-1	-1.000000E+0
4.264000E-1	4.000000E-2	-1.000000E+0
4.266000E-1	4.000000E-2	-1.000000E+0
4.268000E-1	4.000000E-2	-1.000000E+0
4.270000E-1	4.000000E-2	-1.020000E+0
4.272000E-1	4.000000E-2	-1.020000E+0
4.274000E-1	8.000000E-2	-1.000000E+0
4.276000E-1	4.000000E-2	-1.000000E+0
4.278000E-1	4.000000E-2	-1.020000E+0
4.280000E-1	4.000000E-2	-1.000000E+0
4.282000E-1	4.000000E-2	-1.000000E+0
4.284000E-1	4.000000E-2	-1.000000E+0
4.286000E-1	4.000000E-2	-1.020000E+0
4.288000E-1	8.000000E-2	-1.020000E+0
4.290000E-1	4.000000E-2	-1.020000E+0
4.292000E-1	8.000000E-2	-1.020000E+0
4.294000E-1	4.000000E-2	-1.020000E+0
4.296000E-1	4.000000E-2	-1.020000E+0
4.298000E-1	4.000000E-2	-1.000000E+0
4.300000E-1	0.000000E+0	-1.020000E+0
4.302000E-1	4.000000E-2	-1.000000E+0
4.304000E-1	-8.000000E-2	-1.020000E+0
4.306000E-1	-1.200000E-1	-1.020000E+0
4.308000E-1	-1.200000E-1	-1.020000E+0
4.310000E-1	-8.000000E-2	-1.020000E+0
4.312000E-1	-1.200000E-1	-1.020000E+0
4.314000E-1	-1.200000E-1	-1.020000E+0
4.316000E-1	-8.000000E-2	-1.020000E+0
4.318000E-1	-1.200000E-1	-1.020000E+0
4.320000E-1	-8.000000E-2	-1.020000E+0
4.322000E-1	-1.200000E-1	-1.040000E+0
4.324000E-1	-1.200000E-1	-1.040000E+0
4.326000E-1	-8.000000E-2	-1.020000E+0
4.328000E-1	-8.000000E-2	-1.020000E+0
4.330000E-1	-1.200000E-1	-1.020000E+0
4.332000E-1	-1.200000E-1	-1.020000E+0
4.334000E-1	-8.000000E-2	-1.020000E+0
4.336000E-1	-8.000000E-2	-1.040000E+0
4.338000E-1	-8.000000E-2	-1.040000E+0
4.340000E-1	-1.200000E-1	-1.020000E+0
4.342000E-1	-1.200000E-1	-1.000000E+0
4.344000E-1	-1.200000E-1	-1.020000E+0
4.346000E-1	-2.400000E-1	-1.040000E+0
4.348000E-1	-2.400000E-1	-1.040000E+0
4.350000E-1	-2.400000E-1	-1.020000E+0
4.352000E-1	-2.400000E-1	-1.020000E+0
4.354000E-1	-2.800000E-1	-1.020000E+0
4.356000E-1	-2.400000E-1	-1.040000E+0
4.358000E-1	-2.400000E-1	-1.020000E+0
4.360000E-1	-2.400000E-1	-1.040000E+0
4.362000E-1	-2.400000E-1	-1.000000E+0
4.364000E-1	-2.400000E-1	-1.040000E+0
4.366000E-1	-2.400000E-1	-1.020000E+0
4.368000E-1	-2.400000E-1	-1.040000E+0
4.370000E-1	-2.400000E-1	-1.040000E+0
4.372000E-1	-2.800000E-1	-1.020000E+0
4.374000E-1	-2.800000E-1	-1.040000E+0
4.376000E-1	-2.800000E-1	-1.020000E+0
4.378000E-1	-2.400000E-1	-1.040000E+0
4.380000E-1	-2.400000E-1	-1.040000E+0
4.382000E-1	-2.400000E-1	-1.040000E+0
4.384000E-1	-2.400000E-1	-1.020000E+0
4.386000E-1	-4.000000E-1	-1.020000E+0
4.388000E-1	-4.000000E-1	-1.040000E+0
4.390000E-1	-4.000000E-1	-1.020000E+0
4.392000E-1	-4.000000E-1	-1.020000E+0
4.394000E-1	-4.000000E-1	-1.020000E+0
4.396000E-1	-4.000000E-1	-1.020000E+0
4.398000E-1	-4.000000E-1	-1.020000E+0
4.400000E-1	-4.400000E-1	-1.020000E+0
4.402000E-1	-4.000000E-1	-1.020000E+0
4.404000E-1	-4.000000E-1	-1.020000E+0
4.406000E-1	-4.000000E-1	-1.020000E+0
4.408000E-1	-4.000000E-1	-1.040000E+0
4.410000E-1	-4.400000E-1	-1.020000E+0
4.412000E-1	-4.000000E-1	-1.020000E+0
4.414000E-1	-4.000000E-1	-1.020000E+0
4.416000E-1	-3.600000E-1	-1.000000E+0
4.418000E-1	-4.000000E-1	-1.040000E+0
4.420000E-1	-4.000000E-1	-1.020000E+0
4.422000E-1	-4.000000E-1	-1.020000E+0
4.424000E-1	-4.000000E-1	-1.020000E+0
4.426000E-1	-5.600000E-1	-1.020000E+0
4.428000E-1	-5.600000E-1	-1.020000E+0
4.430000E-1	-5.600000E-1	-1.020000E+0
4.432000E-1	-5.600000E-1	-1.020000E+0
4.434000E-1	-5.600000E-1	-1.040000E+0
4.436000E-1	-5.600000E-1	-1.020000E+0
4.438000E-1	-5.600000E-1	-1.020000E+0
4.440000E-1	-5.600000E-1	-1.020000E+0
4.442000E-1	-5.600000E-1	-1.020000E+0
4.444000E-1	-5.600000E-1	-1.020000E+0
4.446000E-1	-5.600000E-1	-1.040000E+0
4.448000E-1	-5.600000E-1	-1.020000E+0
4.450000E-1	-5.600000E-1	-1.020000E+0
4.452000E-1	-5.600000E-1	-1.040000E+0
4.454000E-1	-5.600000E-1	-1.020000E+0
4.456000E-1	-5.600000E-1	-1.020000E+0
4.458000E-1	-6.000000E-1	-1.000000E+0
4.460000E-1	-5.600000E-1	-1.020000E+0
4.462000E-1	-5.600000E-1	-1.000000E+0
4.464000E-1	-5.600000E-1	-1.000000E+0
4.466000E-1	-6.800000E-1	-1.000000E+0
4.468000E-1	-6.800000E-1	-1.000000E+0
4.470000E-1	-6.800000E-1	-1.020000E+0
4.472000E-1	-6.800000E-1	-1.020000E+0
4.474000E-1	-7.200000E-1	-1.000000E+0
4.476000E-1	-6.800000E-1	-1.020000E+0
4.478000E-1	-6.800000E-1	-1.020000E+0
4.480000E-1	-6.800000E-1	-1.000000E+0
4.482000E-1	-6.800000E-1	-1.000000E+0
4.484000E-1	-6.800000E-1	-1.000000E+0
4.486000E-1	-6.800000E-1	-1.000000E+0
4.488000E-1	-6.800000E-1	-1.020000E+0
4.490000E-1	-6.800000E-1	-1.000000E+0
4.492000E-1	-6.800000E-1	-1.000000E+0
4.494000E-1	-6.800000E-1	-1.000000E+0
4.496000E-1	-7.200000E-1	-1.000000E+0
4.498000E-1	-7.200000E-1	-1.000000E+0
4.500000E-1	-6.800000E-1	-1.000000E+0
4.502000E-1	-6.800000E-1	-9.800000E-1
4.504000E-1	-6.800000E-1	-1.000000E+0
4.506000E-1	-8.000000E-1	-1.000000E+0
4.508000E-1	-8.400000E-1	-1.020000E+0
4.510000E-1	-8.000000E-1	-1.000000E+0
4.512000E-1	-8.400000E-1	-1.000000E+0
4.514000E-1	-8.400000E-1	-1.000000E+0
4.516000E-1	-8.400000E-1	-1.000000E+0
4.518000E-1	-8.400000E-1	-9.800000E-1
4.520000E-1	-8.000000E-1	-9.800000E-1
4.522000E-1	-8.000000E-1	-1.000000E+0
4.524000E-1	-8.400000E-1	-9.800000E-1
4.526000E-1	-8.400000E-1	-1.000000E+0
4.528000E-1	-8.000000E-1	-1.000000E+0
4.530000E-1	-8.400000E-1	-9.800000E-1
4.532000E-1	-8.400000E-1	-9.800000E-1
4.534000E-1	-8.400000E-1	-1.000000E+0
4.536000E-1	-8.400000E-1	-9.800000E-1
4.538000E-1	-8.400000E-1	-1.000000E+0
4.540000E-1	-8.400000E-1	-1.000000E+0
4.542000E-1	-8.000000E-1	-9.800000E-1
4.544000E-1	-8.400000E-1	-9.800000E-1
4.546000E-1	-9.200000E-1	-9.800000E-1
4.548000E-1	-1.000000E+0	-9.800000E-1
4.550000E-1	-9.600000E-1	-9.800000E-1
4.552000E-1	-9.600000E-1	-9.800000E-1
4.554000E-1	-9.600000E-1	-9.800000E-1
4.556000E-1	-9.600000E-1	-9.800000E-1
4.558000E-1	-9.600000E-1	-9.800000E-1
4.560000E-1	-9.600000E-1	-9.800000E-1
4.562000E-1	-9.600000E-1	-9.600000E-1
4.564000E-1	-9.600000E-1	-9.600000E-1
4.566000E-1	-9.600000E-1	-9.600000E-1
4.568000E-1	-9.600000E-1	-9.800000E-1
4.570000E-1	-9.600000E-1	-9.600000E-1
4.572000E-1	-9.600000E-1	-9.600000E-1
4.574000E-1	-9.600000E-1	-9.800000E-1
4.576000E-1	-9.600000E-1	-9.800000E-1
4.578000E-1	-9.600000E-1	-9.600000E-1
4.580000E-1	-9.600000E-1	-9.600000E-1
4.582000E-1	-9.600000E-1	-9.600000E-1
4.584000E-1	-9.600000E-1	-9.800000E-1
4.586000E-1	-1.080000E+0	-9.600000E-1
4.588000E-1	-1.120000E+0	-9.600000E-1
4.590000E-1	-1.120000E+0	-9.800000E-1
4.592000E-1	-1.120000E+0	-9.600000E-1
4.594000E-1	-1.120000E+0	-9.600000E-1
4.596000E-1	-1.120000E+0	-9.600000E-1
4.598000E-1	-1.080000E+0	-9.600000E-1
4.600000E-1	-1.120000E+0	-9.600000E-1
4.602000E-1	-1.120000E+0	-9.800000E-1
4.604000E-1	-1.120000E+0	-9.600000E-1
4.606000E-1	-1.120000E+0	-9.400000E-1
4.608000E-1	-1.120000E+0	-9.600000E-1
4.610000E-1	-1.120000E+0	-9.400000E-1
4.612000E-1	-1.120000E+0	-9.400000E-1
4.614000E-1	-1.120000E+0	-9.400000E-1
4.616000E-1	-1.080000E+0	-9.400000E-1
4.618000E-1	-1.120000E+0	-9.400000E-1
4.620000E-1	-1.080000E+0	-9.400000E-1
4.622000E-1	-1.120000E+0	-9.400000E-1
4.624000E-1	-1.120000E+0	-9.200000E-1
4.626000E-1	-1.200000E+0	-9.400000E-1
4.628000E-1	-1.240000E+0	-9.400000E-1
4.630000E-1	-1.240000E+0	-9.400000E-1
4.632000E-1	-1.240000E+0	-9.200000E-1
4.634000E-1	-1.240000E+0	-9.200000E-1
4.636000E-1	-1.240000E+0	-9.200000E-1
4.638000E-1	-1.200000E+0	-9.200000E-1
4.640000E-1	-1.240000E+0	-9.200000E-1
4.642000E-1	-1.240000E+0	-9.200000E-1
4.644000E-1	-1.240000E+0	-9.000000E-1
4.646000E-1	-1.240000E+0	-9.000000E-1
4.648000E-1	-1.240000E+0	-9.200000E-1
4.650000E-1	-1.240000E+0	-9.000000E-1
4.652000E-1	-1.240000E+0	-9.000000E-1
4.654000E-1	-1.240000E+0	-9.000000E-1
4.656000E-1	-1.240000E+0	-9.000000E-1
4.658000E-1	-1.240000E+0	-8.800000E-1
4.660000E-1	-1.240000E+0	-9.000000E-1
4.662000E-1	-1.240000E+0	-9.000000E-1
4.664000E-1	-1.240000E+0	-9.000000E-1
4.666000E-1	-1.320000E+0	-8.800000E-1
4.668000E-1	-1.320000E+0	-8.800000E-1
4.670000E-1	-1.320000E+0	-8.800000E-1
4.672000E-1	-1.360000E+0	-8.800000E-1
4.674000E-1	-1.360000E+0	-8.800000E-1
4.676000E-1	-1.360000E+0	-8.800000E-1
4.678000E-1	-1.360000E+0	-8.800000E-1
4.680000E-1	-1.360000E+0	-8.800000E-1
4.682000E-1	-1.360000E+0	-8.800000E-1
4.684000E-1	-1.320000E+0	-8.600000E-1
4.686000E-1	-1.320000E+0	-8.600000E-1
4.688000E-1	-1.360000E+0	-8.600000E-1
4.690000E-1	-1.360000E+0	-8.600000E-1
4.692000E-1	-1.360000E+0	-8.600000E-1
4.694000E-1	-1.360000E+0	-8.400000E-1
4.696000E-1	-1.360000E+0	-8.600000E-1
4.698000E-1	-1.320000E+0	-8.800000E-1
4.700000E-1	-1.360000E+0	-8.400000E-1
4.702000E-1	-1.360000E+0	-8.600000E-1
4.704000E-1	-1.360000E+0	-8.400000E-1
4.706000E-1	-1.440000E+0	-8.400000E-1
4.708000E-1	-1.480000E+0	-8.400000E-1
4.710000E-1	-1.440000E+0	-8.400000E-1
4.712000E-1	-1.440000E+0	-8.400000E-1
4.714000E-1	-1.480000E+0	-8.200000E-1
4.716000E-1	-1.480000E+0	-8.400000E-1
4.718000E-1	-1.480000E+0	-8.200000E-1
4.720000E-1	-1.480000E+0	-8.200000E-1
4.722000E-1	-1.480000E+0	-8.200000E-1
4.724000E-1	-1.440000E+0	-8.400000E-1
4.726000E-1	-1.440000E+0	-8.200000E-1
4.728000E-1	-1.480000E+0	-8.200000E-1
4.730000E-1	-1.480000E+0	-8.200000E-1
4.732000E-1	-1.480000E+0	-8.000000E-1
4.734000E-1	-1.480000E+0	-8.200000E-1
4.736000E-1	-1.480000E+0	-8.200000E-1
4.738000E-1	-1.480000E+0	-8.200000E-1
4.740000E-1	-1.480000E+0	-8.200000E-1
4.742000E-1	-1.480000E+0	-7.800000E-1
4.744000E-1	-1.440000E+0	-8.000000E-1
4.746000E-1	-1.480000E+0	-8.000000E-1
4.748000E-1	-1.600000E+0	-7.800000E-1
4.750000E-1	-1.600000E+0	-8.000000E-1
4.752000E-1	-1.600000E+0	-8.000000E-1
4.754000E-1	-1.600000E+0	-7.800000E-1
4.756000E-1	-1.560000E+0	-7.800000E-1
4.758000E-1	-1.600000E+0	-7.800000E-1
4.760000E-1	-1.600000E+0	-7.800000E-1
4.762000E-1	-1.600000E+0	-7.800000E-1
4.764000E-1	-1.560000E+0	-7.800000E-1
4.766000E-1	-1.640000E+0	-7.600000E-1
4.768000E-1	-1.600000E+0	-7.800000E-1
4.770000E-1	-1.600000E+0	-7.600000E-1
4.772000E-1	-1.600000E+0	-7.800000E-1
4.774000E-1	-1.600000E+0	-7.600000E-1
4.776000E-1	-1.600000E+0	-7.600000E-1
4.778000E-1	-1.560000E+0	-7.800000E-1
4.780000E-1	-1.600000E+0	-7.600000E-1
4.782000E-1	-1.600000E+0	-7.600000E-1
4.784000E-1	-1.600000E+0	-7.400000E-1
4.786000E-1	-1.720000E+0	-7.600000E-1
4.788000E-1	-1.720000E+0	-7.400000E-1
4.790000E-1	-1.720000E+0	-7.400000E-1
4.792000E-1	-1.680000E+0	-7.200000E-1
4.794000E-1	-1.720000E+0	-7.400000E-1
4.796000E-1	-1.720000E+0	-7.200000E-1
4.798000E-1	-1.720000E+0	-7.200000E-1
4.800000E-1	-1.720000E+0	-7.200000E-1
4.802000E-1	-1.680000E+0	-7.200000E-1
4.804000E-1	-1.720000E+0	-7.200000E-1
4.806000E-1	-1.720000E+0	-7.200000E-1
4.808000E-1	-1.720000E+0	-7.200000E-1
4.810000E-1	-1.720000E+0	-7.200000E-1
4.812000E-1	-1.680000E+0	-7.000000E-1
4.814000E-1	-1.720000E+0	-7.000000E-1
4.816000E-1	-1.720000E+0	-7.000000E-1
4.818000E-1	-1.720000E+0	-7.000000E-1
4.820000E-1	-1.720000E+0	-7.000000E-1
4.822000E-1	-1.720000E+0	-6.800000E-1
4.824000E-1	-1.680000E+0	-7.000000E-1
4.826000E-1	-1.760000E+0	-6.800000E-1
4.828000E-1	-1.800000E+0	-6.800000E-1
4.830000E-1	-1.800000E+0	-6.800000E-1
4.832000E-1	-1.800000E+0	-6.800000E-1
4.834000E-1	-1.800000E+0	-6.600000E-1
4.836000E-1	-1.800000E+0	-6.800000E-1
4.838000E-1	-1.800000E+0	-6.800000E-1
4.840000E-1	-1.800000E+0	-6.600000E-1
4.842000E-1	-1.800000E+0	-6.600000E-1
4.844000E-1	-1.800000E+0	-6.600000E-1
4.846000E-1	-1.800000E+0	-6.600000E-1
4.848000E-1	-1.800000E+0	-6.600000E-1
4.850000E-1	-1.800000E+0	-6.600000E-1
4.852000E-1	-1.800000E+0	-6.400000E-1
4.854000E-1	-1.800000E+0	-6.400000E-1
4.856000E-1	-1.800000E+0	-6.600000E-1
4.858000E-1	-1.800000E+0	-6.200000E-1
4.860000E-1	-1.800000E+0	-6.400000E-1
4.862000E-1	-1.800000E+0	-6.400000E-1
4.864000E-1	-1.800000E+0	-6.400000E-1
4.866000E-1	-1.920000E+0	-6.400000E-1
4.868000E-1	-1.880000E+0	-6.400000E-1
4.870000E-1	-1.880000E+0	-6.200000E-1
4.872000E-1	-1.880000E+0	-6.400000E-1
4.874000E-1	-1.880000E+0	-6.200000E-1
4.876000E-1	-1.920000E+0	-6.200000E-1
4.878000E-1	-1.880000E+0	-6.200000E-1
4.880000E-1	-1.880000E+0	-6.200000E-1
4.882000E-1	-1.880000E+0	-6.000000E-1
4.884000E-1	-1.920000E+0	-6.200000E-1
4.886000E-1	-1.920000E+0	-6.000000E-1
4.888000E-1	-1.880000E+0	-5.800000E-1
4.890000E-1	-1.880000E+0	-6.000000E-1
4.892000E-1	-1.880000E+0	-6.000000E-1
4.894000E-1	-1.880000E+0	-5.800000E-1
4.896000E-1	-1.880000E+0	-5.800000E-1
4.898000E-1	-1.920000E+0	-5.800000E-1
4.900000E-1	-1.880000E+0	-5.800000E-1
4.902000E-1	-1.880000E+0	-5.800000E-1
4.904000E-1	-1.920000E+0	-5.600000E-1
4.906000E-1	-1.960000E+0	-5.600000E-1
4.908000E-1	-1.960000E+0	-5.600000E-1
4.910000E-1	-1.960000E+0	-5.600000E-1
4.912000E-1	-1.960000E+0	-5.600000E-1
4.914000E-1	-1.960000E+0	-5.600000E-1
4.916000E-1	-1.960000E+0	-5.600000E-1
4.918000E-1	-1.960000E+0	-5.600000E-1
4.920000E-1	-1.960000E+0	-5.600000E-1
4.922000E-1	-1.960000E+0	-5.600000E-1
4.924000E-1	-1.960000E+0	-5.400000E-1
4.926000E-1	-1.960000E+0	-5.400000E-1
4.928000E-1	-1.960000E+0	-5.400000E-1
4.930000E-1	-1.960000E+0	-5.200000E-1
4.932000E-1	-2.000000E+0	-5.200000E-1
4.934000E-1	-1.960000E+0	-5.000000E-1
4.936000E-1	-1.960000E+0	-5.200000E-1
4.938000E-1	-1.960000E+0	-5.200000E-1
4.940000E-1	-2.000000E+0	-5.200000E-1
4.942000E-1	-1.960000E+0	-5.200000E-1
4.944000E-1	-2.000000E+0	-5.200000E-1
4.946000E-1	-2.040000E+0	-5.000000E-1
4.948000E-1	-2.040000E+0	-5.000000E-1
4.950000E-1	-2.080000E+0	-5.000000E-1
4.952000E-1	-2.040000E+0	-5.000000E-1
4.954000E-1	-2.040000E+0	-4.800000E-1
4.956000E-1	-2.040000E+0	-5.000000E-1
4.958000E-1	-2.040000E+0	-4.800000E-1
4.960000E-1	-2.040000E+0	-4.800000E-1
4.962000E-1	-2.040000E+0	-4.800000E-1
4.964000E-1	-2.040000E+0	-4.800000E-1
4.966000E-1	-2.040000E+0	-4.600000E-1
4.968000E-1	-2.040000E+0	-4.800000E-1
4.970000E-1	-2.040000E+0	-4.800000E-1
4.972000E-1	-2.040000E+0	-4.600000E-1
4.974000E-1	-2.040000E+0	-4.600000E-1
4.976000E-1	-2.040000E+0	-4.600000E-1
4.978000E-1	-2.040000E+0	-4.600000E-1
4.980000E-1	-2.040000E+0	-4.600000E-1
4.982000E-1	-2.040000E+0	-4.600000E-1
4.984000E-1	-2.040000E+0	-4.600000E-1
4.986000E-1	-2.120000E+0	-4.400000E-1
4.988000E-1	-2.120000E+0	-4.400000E-1
4.990000E-1	-2.120000E+0	-4.400000E-1
4.992000E-1	-2.120000E+0	-4.400000E-1
4.994000E-1	-2.120000E+0	-4.400000E-1
4.996000E-1	-2.160000E+0	-4.400000E-1
4.998000E-1	-2.120000E+0	-4.400000E-1
